TIMESTAMP;ACTIVITY;ANOMALY
06-10-2010 10:00;0;0
06-10-2010 10:01;275;0
06-10-2010 10:02;275;0
06-10-2010 10:03;834;0
06-10-2010 10:04;533;0
06-10-2010 10:05;424;0
06-10-2010 10:06;1043;0
06-10-2010 10:07;1673;1
06-10-2010 10:08;1301;1
06-10-2010 10:09;1342;1
06-10-2010 10:10;438;0
06-10-2010 10:11;294;0
06-10-2010 10:12;90;0
06-10-2010 10:13;182;0
06-10-2010 10:14;258;0
06-10-2010 10:15;1183;1
06-10-2010 10:16;483;0
06-10-2010 10:17;451;0
06-10-2010 10:18;384;0
06-10-2010 10:19;131;0
06-10-2010 10:20;69;0
06-10-2010 10:21;0;0
06-10-2010 10:22;83;0
06-10-2010 10:23;21;0
06-10-2010 10:24;0;0
06-10-2010 10:25;66;0
06-10-2010 10:26;0;0
06-10-2010 10:27;0;0
06-10-2010 10:28;42;0
06-10-2010 10:29;152;0
06-10-2010 10:30;586;0
06-10-2010 10:31;515;0
06-10-2010 10:32;163;0
06-10-2010 10:33;168;0
06-10-2010 10:34;258;0
06-10-2010 10:35;50;0
06-10-2010 10:36;0;0
06-10-2010 10:37;3;0
06-10-2010 10:38;189;0
06-10-2010 10:39;175;0
06-10-2010 10:40;294;0
06-10-2010 10:41;69;0
06-10-2010 10:42;121;0
06-10-2010 10:43;240;0
06-10-2010 10:44;533;0
06-10-2010 10:45;249;0
06-10-2010 10:46;275;0
06-10-2010 10:47;348;0
06-10-2010 10:48;624;0
06-10-2010 10:49;515;0
06-10-2010 10:50;1183;1
06-10-2010 10:51;240;0
06-10-2010 10:52;168;0
06-10-2010 10:53;586;0
06-10-2010 10:54;711;0
06-10-2010 10:55;979;0
06-10-2010 10:56;498;0
06-10-2010 10:57;232;0
06-10-2010 10:58;163;0
06-10-2010 10:59;86;0
06-10-2010 11:00;360;0
06-10-2010 11:01;918;0
06-10-2010 11:02;1673;1
06-10-2010 11:03;948;0
06-10-2010 11:04;1076;0
06-10-2010 11:05;1571;1
06-10-2010 11:06;861;0
06-10-2010 11:07;438;0
06-10-2010 11:08;688;0
06-10-2010 11:09;189;0
06-10-2010 11:10;31;0
06-10-2010 11:11;0;0
06-10-2010 11:12;0;0
06-10-2010 11:13;0;0
06-10-2010 11:14;0;0
06-10-2010 11:15;0;0
06-10-2010 11:16;258;0
06-10-2010 11:17;240;0
06-10-2010 11:18;688;0
06-10-2010 11:19;586;0
06-10-2010 11:20;360;0
06-10-2010 11:21;1261;1
06-10-2010 11:22;1221;1
06-10-2010 11:23;1043;0
06-10-2010 11:24;918;0
06-10-2010 11:25;1782;1
06-10-2010 11:26;1221;1
06-10-2010 11:27;1043;0
06-10-2010 11:28;451;0
06-10-2010 11:29;410;0
06-10-2010 11:30;438;0
06-10-2010 11:31;168;0
06-10-2010 11:32;195;0
06-10-2010 11:33;66;0
06-10-2010 11:34;195;0
06-10-2010 11:35;216;0
06-10-2010 11:36;52;0
06-10-2010 11:37;240;0
06-10-2010 11:38;104;0
06-10-2010 11:39;137;0
06-10-2010 11:40;100;0
06-10-2010 11:41;131;0
06-10-2010 11:42;80;0
06-10-2010 11:43;76;0
06-10-2010 11:44;249;0
06-10-2010 11:45;372;0
06-10-2010 11:46;182;0
06-10-2010 11:47;157;0
06-10-2010 11:48;182;0
06-10-2010 11:49;240;0
06-10-2010 11:50;131;0
06-10-2010 11:51;240;0
06-10-2010 11:52;76;0
06-10-2010 11:53;62;0
06-10-2010 11:54;126;0
06-10-2010 11:55;195;0
06-10-2010 11:56;97;0
06-10-2010 11:57;240;0
06-10-2010 11:58;1076;0
06-10-2010 11:59;168;0
06-10-2010 12:00;10;0
06-10-2010 12:01;258;0
06-10-2010 12:02;26;0
06-10-2010 12:03;52;0
06-10-2010 12:04;249;0
06-10-2010 12:05;189;0
06-10-2010 12:06;131;0
06-10-2010 12:07;168;0
06-10-2010 12:08;258;0
06-10-2010 12:09;483;0
06-10-2010 12:10;424;0
06-10-2010 12:11;93;0
06-10-2010 12:12;396;0
06-10-2010 12:13;90;0
06-10-2010 12:14;93;0
06-10-2010 12:15;50;0
06-10-2010 12:16;498;0
06-10-2010 12:17;348;0
06-10-2010 12:18;533;0
06-10-2010 12:19;948;0
06-10-2010 12:20;645;0
06-10-2010 12:21;605;0
06-10-2010 12:22;711;0
06-10-2010 12:23;2020;1
06-10-2010 12:24;515;0
06-10-2010 12:25;1475;1
06-10-2010 12:26;711;0
06-10-2010 12:27;266;0
06-10-2010 12:28;624;0
06-10-2010 12:29;1147;1
06-10-2010 12:30;195;0
06-10-2010 12:31;733;0
06-10-2010 12:32;2020;1
06-10-2010 12:33;384;0
06-10-2010 12:34;666;0
06-10-2010 12:35;550;0
06-10-2010 12:36;424;0
06-10-2010 12:37;688;0
06-10-2010 12:38;515;0
06-10-2010 12:39;1522;1
06-10-2010 12:40;258;0
06-10-2010 12:41;451;0
06-10-2010 12:42;372;0
06-10-2010 12:43;1010;0
06-10-2010 12:44;758;0
06-10-2010 12:45;55;0
06-10-2010 12:46;86;0
06-10-2010 12:47;1673;1
06-10-2010 12:48;1076;0
06-10-2010 12:49;483;0
06-10-2010 12:50;451;0
06-10-2010 12:51;1386;1
06-10-2010 12:52;1076;0
06-10-2010 12:53;1010;0
06-10-2010 12:54;1522;1
06-10-2010 12:55;1147;1
06-10-2010 12:56;948;0
06-10-2010 12:57;861;0
06-10-2010 12:58;861;0
06-10-2010 12:59;1010;0
06-10-2010 13:00;396;0
06-10-2010 13:01;275;0
06-10-2010 13:02;152;0
06-10-2010 13:03;142;0
06-10-2010 13:04;107;0
06-10-2010 13:05;36;0
06-10-2010 13:06;73;0
06-10-2010 13:07;147;0
06-10-2010 13:08;152;0
06-10-2010 13:09;62;0
06-10-2010 13:10;107;0
06-10-2010 13:11;76;0
06-10-2010 13:12;17;0
06-10-2010 13:13;76;0
06-10-2010 13:14;31;0
06-10-2010 13:15;76;0
06-10-2010 13:16;26;0
06-10-2010 13:17;47;0
06-10-2010 13:18;80;0
06-10-2010 13:19;116;0
06-10-2010 13:20;62;0
06-10-2010 13:21;55;0
06-10-2010 13:22;29;0
06-10-2010 13:23;48;0
06-10-2010 13:24;121;0
06-10-2010 13:25;24;0
06-10-2010 13:26;137;0
06-10-2010 13:27;100;0
06-10-2010 13:28;45;0
06-10-2010 13:29;73;0
06-10-2010 13:30;372;0
06-10-2010 13:31;240;0
06-10-2010 13:32;266;0
06-10-2010 13:33;21;0
06-10-2010 13:34;3;0
06-10-2010 13:35;33;0
06-10-2010 13:36;9;0
06-10-2010 13:37;16;0
06-10-2010 13:38;40;0
06-10-2010 13:39;325;0
06-10-2010 13:40;782;0
06-10-2010 13:41;147;0
06-10-2010 13:42;1110;1
06-10-2010 13:43;782;0
06-10-2010 13:44;1183;1
06-10-2010 13:45;758;0
06-10-2010 13:46;396;0
06-10-2010 13:47;624;0
06-10-2010 13:48;1522;1
06-10-2010 13:49;1571;1
06-10-2010 13:50;567;0
06-10-2010 13:51;550;0
06-10-2010 13:52;605;0
06-10-2010 13:53;360;0
06-10-2010 13:54;348;0
06-10-2010 13:55;223;0
06-10-2010 13:56;182;0
06-10-2010 13:57;3;0
06-10-2010 13:58;0;0
06-10-2010 13:59;16;0
06-10-2010 14:00;93;0
06-10-2010 14:01;758;0
06-10-2010 14:02;372;0
06-10-2010 14:03;861;0
06-10-2010 14:04;586;0
06-10-2010 14:05;467;0
06-10-2010 14:06;410;0
06-10-2010 14:07;384;0
06-10-2010 14:08;348;0
06-10-2010 14:09;410;0
06-10-2010 14:10;1010;0
06-10-2010 14:11;1301;1
06-10-2010 14:12;266;0
06-10-2010 14:13;438;0
06-10-2010 14:14;83;0
06-10-2010 14:15;3;0
06-10-2010 14:16;202;0
06-10-2010 14:17;834;0
06-10-2010 14:18;1522;1
06-10-2010 14:19;1342;1
06-10-2010 14:20;1571;1
06-10-2010 14:21;2593;1
06-10-2010 14:22;2218;1
06-10-2010 14:23;1386;1
06-10-2010 14:24;918;0
06-10-2010 14:25;451;0
06-10-2010 14:26;1043;0
06-10-2010 14:27;979;0
06-10-2010 14:28;275;0
06-10-2010 14:29;889;0
06-10-2010 14:30;533;0
06-10-2010 14:31;1386;1
06-10-2010 14:32;1571;1
06-10-2010 14:33;605;0
06-10-2010 14:34;918;0
06-10-2010 14:35;294;0
06-10-2010 14:36;467;0
06-10-2010 14:37;52;0
06-10-2010 14:38;550;0
06-10-2010 14:39;1475;1
06-10-2010 14:40;666;0
06-10-2010 14:41;515;0
06-10-2010 14:42;304;0
06-10-2010 14:43;605;0
06-10-2010 14:44;624;0
06-10-2010 14:45;1043;0
06-10-2010 14:46;889;0
06-10-2010 14:47;424;0
06-10-2010 14:48;45;0
06-10-2010 14:49;0;0
06-10-2010 14:50;0;0
06-10-2010 14:51;0;0
06-10-2010 14:52;0;0
06-10-2010 14:53;0;0
06-10-2010 14:54;0;0
06-10-2010 14:55;0;0
06-10-2010 14:56;0;0
06-10-2010 14:57;0;0
06-10-2010 14:58;0;0
06-10-2010 14:59;0;0
06-10-2010 15:00;0;0
06-10-2010 15:01;0;0
06-10-2010 15:02;0;0
06-10-2010 15:03;0;0
06-10-2010 15:04;0;0
06-10-2010 15:05;0;0
06-10-2010 15:06;0;0
06-10-2010 15:07;0;0
06-10-2010 15:08;0;0
06-10-2010 15:09;142;0
06-10-2010 15:10;294;0
06-10-2010 15:11;111;0
06-10-2010 15:12;137;0
06-10-2010 15:13;22;0
06-10-2010 15:14;93;0
06-10-2010 15:15;55;0
06-10-2010 15:16;157;0
06-10-2010 15:17;48;0
06-10-2010 15:18;33;0
06-10-2010 15:19;0;0
06-10-2010 15:20;0;0
06-10-2010 15:21;0;0
06-10-2010 15:22;294;0
06-10-2010 15:23;175;0
06-10-2010 15:24;29;0
06-10-2010 15:25;515;0
06-10-2010 15:26;979;0
06-10-2010 15:27;782;0
06-10-2010 15:28;451;0
06-10-2010 15:29;808;0
06-10-2010 15:30;189;0
06-10-2010 15:31;76;0
06-10-2010 15:32;111;0
06-10-2010 15:33;258;0
06-10-2010 15:34;232;0
06-10-2010 15:35;116;0
06-10-2010 15:36;55;0
06-10-2010 15:37;107;0
06-10-2010 15:38;182;0
06-10-2010 15:39;55;0
06-10-2010 15:40;45;0
06-10-2010 15:41;29;0
06-10-2010 15:42;121;0
06-10-2010 15:43;157;0
06-10-2010 15:44;325;0
06-10-2010 15:45;216;0
06-10-2010 15:46;100;0
06-10-2010 15:47;116;0
06-10-2010 15:48;104;0
06-10-2010 15:49;808;0
06-10-2010 15:50;861;0
06-10-2010 15:51;1342;1
06-10-2010 15:52;733;0
06-10-2010 15:53;889;0
06-10-2010 15:54;1342;1
06-10-2010 15:55;1522;1
06-10-2010 15:56;1147;1
06-10-2010 15:57;1621;1
06-10-2010 15:58;1147;1
06-10-2010 15:59;1010;0
06-10-2010 16:00;1183;1
06-10-2010 16:01;624;0
06-10-2010 16:02;711;0
06-10-2010 16:03;782;0
06-10-2010 16:04;424;0
06-10-2010 16:05;66;0
06-10-2010 16:06;396;0
06-10-2010 16:07;348;0
06-10-2010 16:08;733;0
06-10-2010 16:09;605;0
06-10-2010 16:10;116;0
06-10-2010 16:11;223;0
06-10-2010 16:12;137;0
06-10-2010 16:13;175;0
06-10-2010 16:14;189;0
06-10-2010 16:15;304;0
06-10-2010 16:16;467;0
06-10-2010 16:17;202;0
06-10-2010 16:18;168;0
06-10-2010 16:19;83;0
06-10-2010 16:20;645;0
06-10-2010 16:21;216;0
06-10-2010 16:22;451;0
06-10-2010 16:23;567;0
06-10-2010 16:24;733;0
06-10-2010 16:25;586;0
06-10-2010 16:26;1147;1
06-10-2010 16:27;1043;0
06-10-2010 16:28;834;0
06-10-2010 16:29;834;0
06-10-2010 16:30;605;0
06-10-2010 16:31;69;0
06-10-2010 16:32;69;0
06-10-2010 16:33;26;0
06-10-2010 16:34;147;0
06-10-2010 16:35;48;0
06-10-2010 16:36;0;0
06-10-2010 16:37;223;0
06-10-2010 16:38;515;0
06-10-2010 16:39;1110;1
06-10-2010 16:40;1183;1
06-10-2010 16:41;1261;1
06-10-2010 16:42;1147;1
06-10-2010 16:43;1183;1
06-10-2010 16:44;1430;1
06-10-2010 16:45;1010;0
06-10-2010 16:46;396;0
06-10-2010 16:47;979;0
06-10-2010 16:48;1261;1
06-10-2010 16:49;666;0
06-10-2010 16:50;1726;1
06-10-2010 16:51;1342;1
06-10-2010 16:52;1386;1
06-10-2010 16:53;1110;1
06-10-2010 16:54;979;0
06-10-2010 16:55;195;0
06-10-2010 16:56;315;0
06-10-2010 16:57;834;0
06-10-2010 16:58;666;0
06-10-2010 16:59;515;0
06-10-2010 17:00;1147;1
06-10-2010 17:01;834;0
06-10-2010 17:02;586;0
06-10-2010 17:03;1301;1
06-10-2010 17:04;1076;0
06-10-2010 17:05;1183;1
06-10-2010 17:06;979;0
06-10-2010 17:07;1261;1
06-10-2010 17:08;1076;0
06-10-2010 17:09;1110;1
06-10-2010 17:10;1183;1
06-10-2010 17:11;567;0
06-10-2010 17:12;1261;1
06-10-2010 17:13;979;0
06-10-2010 17:14;1043;0
06-10-2010 17:15;808;0
06-10-2010 17:16;688;0
06-10-2010 17:17;483;0
06-10-2010 17:18;979;0
06-10-2010 17:19;758;0
06-10-2010 17:20;861;0
06-10-2010 17:21;948;0
06-10-2010 17:22;733;0
06-10-2010 17:23;586;0
06-10-2010 17:24;35;0
06-10-2010 17:25;76;0
06-10-2010 17:26;195;0
06-10-2010 17:27;0;0
06-10-2010 17:28;451;0
06-10-2010 17:29;1430;1
06-10-2010 17:30;157;0
06-10-2010 17:31;1386;1
06-10-2010 17:32;533;0
06-10-2010 17:33;918;0
06-10-2010 17:34;567;0
06-10-2010 17:35;2435;1
06-10-2010 17:36;2084;1
06-10-2010 17:37;1261;1
06-10-2010 17:38;1673;1
06-10-2010 17:39;515;0
06-10-2010 17:40;396;0
06-10-2010 17:41;918;0
06-10-2010 17:42;1147;1
06-10-2010 17:43;1342;1
06-10-2010 17:44;624;0
06-10-2010 17:45;733;0
06-10-2010 17:46;1010;0
06-10-2010 17:47;711;0
06-10-2010 17:48;1386;1
06-10-2010 17:49;550;0
06-10-2010 17:50;451;0
06-10-2010 17:51;605;0
06-10-2010 17:52;533;0
06-10-2010 17:53;861;0
06-10-2010 17:54;1010;0
06-10-2010 17:55;834;0
06-10-2010 17:56;711;0
06-10-2010 17:57;1386;1
06-10-2010 17:58;782;0
06-10-2010 17:59;979;0
06-10-2010 18:00;979;0
06-10-2010 18:01;567;0
06-10-2010 18:02;733;0
06-10-2010 18:03;384;0
06-10-2010 18:04;733;0
06-10-2010 18:05;624;0
06-10-2010 18:06;467;0
06-10-2010 18:07;372;0
06-10-2010 18:08;249;0
06-10-2010 18:09;979;0
06-10-2010 18:10;372;0
06-10-2010 18:11;336;0
06-10-2010 18:12;35;0
06-10-2010 18:13;294;0
06-10-2010 18:14;410;0
06-10-2010 18:15;438;0
06-10-2010 18:16;294;0
06-10-2010 18:17;451;0
06-10-2010 18:18;645;0
06-10-2010 18:19;47;0
06-10-2010 18:20;126;0
06-10-2010 18:21;0;0
06-10-2010 18:22;28;0
06-10-2010 18:23;0;0
06-10-2010 18:24;19;0
06-10-2010 18:25;93;0
06-10-2010 18:26;195;0
06-10-2010 18:27;294;0
06-10-2010 18:28;336;0
06-10-2010 18:29;126;0
06-10-2010 18:30;515;0
06-10-2010 18:31;275;0
06-10-2010 18:32;325;0
06-10-2010 18:33;424;0
06-10-2010 18:34;336;0
06-10-2010 18:35;90;0
06-10-2010 18:36;372;0
06-10-2010 18:37;336;0
06-10-2010 18:38;467;0
06-10-2010 18:39;384;0
06-10-2010 18:40;348;0
06-10-2010 18:41;498;0
06-10-2010 18:42;348;0
06-10-2010 18:43;483;0
06-10-2010 18:44;384;0
06-10-2010 18:45;336;0
06-10-2010 18:46;152;0
06-10-2010 18:47;336;0
06-10-2010 18:48;666;0
06-10-2010 18:49;550;0
06-10-2010 18:50;1898;1
06-10-2010 18:51;1221;1
06-10-2010 18:52;1043;0
06-10-2010 18:53;1301;1
06-10-2010 18:54;808;0
06-10-2010 18:55;834;0
06-10-2010 18:56;979;0
06-10-2010 18:57;948;0
06-10-2010 18:58;861;0
06-10-2010 18:59;232;0
06-10-2010 19:00;467;0
06-10-2010 19:01;157;0
06-10-2010 19:02;467;0
06-10-2010 19:03;372;0
06-10-2010 19:04;47;0
06-10-2010 19:05;0;0
06-10-2010 19:06;38;0
06-10-2010 19:07;645;0
06-10-2010 19:08;948;0
06-10-2010 19:09;1147;1
06-10-2010 19:10;808;0
06-10-2010 19:11;1110;1
06-10-2010 19:12;1110;1
06-10-2010 19:13;1147;1
06-10-2010 19:14;424;0
06-10-2010 19:15;249;0
06-10-2010 19:16;1261;1
06-10-2010 19:17;1010;0
06-10-2010 19:18;1183;1
06-10-2010 19:19;808;0
06-10-2010 19:20;979;0
06-10-2010 19:21;808;0
06-10-2010 19:22;834;0
06-10-2010 19:23;733;0
06-10-2010 19:24;889;0
06-10-2010 19:25;889;0
06-10-2010 19:26;861;0
06-10-2010 19:27;688;0
06-10-2010 19:28;918;0
06-10-2010 19:29;918;0
06-10-2010 19:30;688;0
06-10-2010 19:31;372;0
06-10-2010 19:32;515;0
06-10-2010 19:33;348;0
06-10-2010 19:34;438;0
06-10-2010 19:35;424;0
06-10-2010 19:36;240;0
06-10-2010 19:37;424;0
06-10-2010 19:38;550;0
06-10-2010 19:39;645;0
06-10-2010 19:40;758;0
06-10-2010 19:41;498;0
06-10-2010 19:42;550;0
06-10-2010 19:43;410;0
06-10-2010 19:44;168;0
06-10-2010 19:45;147;0
06-10-2010 19:46;69;0
06-10-2010 19:47;0;0
06-10-2010 19:48;0;0
06-10-2010 19:49;0;0
06-10-2010 19:50;0;0
06-10-2010 19:51;0;0
06-10-2010 19:52;0;0
06-10-2010 19:53;0;0
06-10-2010 19:54;52;0
06-10-2010 19:55;396;0
06-10-2010 19:56;483;0
06-10-2010 19:57;533;0
06-10-2010 19:58;336;0
06-10-2010 19:59;515;0
06-10-2010 20:00;711;0
06-10-2010 20:01;782;0
06-10-2010 20:02;348;0
06-10-2010 20:03;195;0
06-10-2010 20:04;808;0
06-10-2010 20:05;483;0
06-10-2010 20:06;1076;0
06-10-2010 20:07;1043;0
06-10-2010 20:08;834;0
06-10-2010 20:09;782;0
06-10-2010 20:10;1726;1
06-10-2010 20:11;2593;1
06-10-2010 20:12;733;0
06-10-2010 20:13;834;0
06-10-2010 20:14;688;0
06-10-2010 20:15;1183;1
06-10-2010 20:16;758;0
06-10-2010 20:17;498;0
06-10-2010 20:18;1183;1
06-10-2010 20:19;948;0
06-10-2010 20:20;1010;0
06-10-2010 20:21;1043;0
06-10-2010 20:22;1183;1
06-10-2010 20:23;733;0
06-10-2010 20:24;758;0
06-10-2010 20:25;711;0
06-10-2010 20:26;586;0
06-10-2010 20:27;586;0
06-10-2010 20:28;111;0
06-10-2010 20:29;624;0
06-10-2010 20:30;232;0
06-10-2010 20:31;396;0
06-10-2010 20:32;515;0
06-10-2010 20:33;216;0
06-10-2010 20:34;688;0
06-10-2010 20:35;451;0
06-10-2010 20:36;1043;0
06-10-2010 20:37;1076;0
06-10-2010 20:38;948;0
06-10-2010 20:39;1076;0
06-10-2010 20:40;645;0
06-10-2010 20:41;384;0
06-10-2010 20:42;315;0
06-10-2010 20:43;834;0
06-10-2010 20:44;1110;1
06-10-2010 20:45;624;0
06-10-2010 20:46;284;0
06-10-2010 20:47;515;0
06-10-2010 20:48;163;0
06-10-2010 20:49;147;0
06-10-2010 20:50;168;0
06-10-2010 20:51;567;0
06-10-2010 20:52;240;0
06-10-2010 20:53;24;0
06-10-2010 20:54;175;0
06-10-2010 20:55;152;0
06-10-2010 20:56;209;0
06-10-2010 20:57;12;0
06-10-2010 20:58;0;0
06-10-2010 20:59;69;0
06-10-2010 21:00;202;0
06-10-2010 21:01;52;0
06-10-2010 21:02;28;0
06-10-2010 21:03;126;0
06-10-2010 21:04;116;0
06-10-2010 21:05;12;0
06-10-2010 21:06;5;0
06-10-2010 21:07;0;0
06-10-2010 21:08;249;0
06-10-2010 21:09;157;0
06-10-2010 21:10;0;0
06-10-2010 21:11;54;0
06-10-2010 21:12;0;0
06-10-2010 21:13;182;0
06-10-2010 21:14;52;0
06-10-2010 21:15;688;0
06-10-2010 21:16;758;0
06-10-2010 21:17;2218;1
06-10-2010 21:18;567;0
06-10-2010 21:19;666;0
06-10-2010 21:20;424;0
06-10-2010 21:21;533;0
06-10-2010 21:22;515;0
06-10-2010 21:23;498;0
06-10-2010 21:24;711;0
06-10-2010 21:25;918;0
06-10-2010 21:26;808;0
06-10-2010 21:27;733;0
06-10-2010 21:28;451;0
06-10-2010 21:29;424;0
06-10-2010 21:30;467;0
06-10-2010 21:31;336;0
06-10-2010 21:32;336;0
06-10-2010 21:33;142;0
06-10-2010 21:34;55;0
06-10-2010 21:35;284;0
06-10-2010 21:36;131;0
06-10-2010 21:37;175;0
06-10-2010 21:38;424;0
06-10-2010 21:39;384;0
06-10-2010 21:40;424;0
06-10-2010 21:41;424;0
06-10-2010 21:42;733;0
06-10-2010 21:43;31;0
06-10-2010 21:44;0;0
06-10-2010 21:45;223;0
06-10-2010 21:46;48;0
06-10-2010 21:47;0;0
06-10-2010 21:48;0;0
06-10-2010 21:49;240;0
06-10-2010 21:50;55;0
06-10-2010 21:51;29;0
06-10-2010 21:52;26;0
06-10-2010 21:53;142;0
06-10-2010 21:54;275;0
06-10-2010 21:55;121;0
06-10-2010 21:56;348;0
06-10-2010 21:57;0;0
06-10-2010 21:58;209;0
06-10-2010 21:59;52;0
06-10-2010 22:00;28;0
06-10-2010 22:01;47;0
06-10-2010 22:02;104;0
06-10-2010 22:03;116;0
06-10-2010 22:04;9;0
06-10-2010 22:05;0;0
06-10-2010 22:06;5;0
06-10-2010 22:07;157;0
06-10-2010 22:08;142;0
06-10-2010 22:09;16;0
06-10-2010 22:10;76;0
06-10-2010 22:11;451;0
06-10-2010 22:12;758;0
06-10-2010 22:13;645;0
06-10-2010 22:14;97;0
06-10-2010 22:15;315;0
06-10-2010 22:16;216;0
06-10-2010 22:17;624;0
06-10-2010 22:18;304;0
06-10-2010 22:19;0;0
06-10-2010 22:20;0;0
06-10-2010 22:21;38;0
06-10-2010 22:22;21;0
06-10-2010 22:23;0;0
06-10-2010 22:24;0;0
06-10-2010 22:25;0;0
06-10-2010 22:26;55;0
06-10-2010 22:27;10;0
06-10-2010 22:28;0;0
06-10-2010 22:29;0;0
06-10-2010 22:30;0;0
06-10-2010 22:31;483;0
06-10-2010 22:32;1076;0
06-10-2010 22:33;232;0
06-10-2010 22:34;294;0
06-10-2010 22:35;1782;1
06-10-2010 22:36;1110;1
06-10-2010 22:37;624;0
06-10-2010 22:38;688;0
06-10-2010 22:39;1147;1
06-10-2010 22:40;808;0
06-10-2010 22:41;1301;1
06-10-2010 22:42;384;0
06-10-2010 22:43;275;0
06-10-2010 22:44;73;0
06-10-2010 22:45;223;0
06-10-2010 22:46;35;0
06-10-2010 22:47;0;0
06-10-2010 22:48;0;0
06-10-2010 22:49;0;0
06-10-2010 22:50;0;0
06-10-2010 22:51;0;0
06-10-2010 22:52;0;0
06-10-2010 22:53;0;0
06-10-2010 22:54;0;0
06-10-2010 22:55;0;0
06-10-2010 22:56;0;0
06-10-2010 22:57;0;0
06-10-2010 22:58;0;0
06-10-2010 22:59;0;0
06-10-2010 23:00;0;0
06-10-2010 23:01;0;0
06-10-2010 23:02;0;0
06-10-2010 23:03;0;0
06-10-2010 23:04;0;0
06-10-2010 23:05;0;0
06-10-2010 23:06;0;0
06-10-2010 23:07;0;0
06-10-2010 23:08;0;0
06-10-2010 23:09;0;0
06-10-2010 23:10;0;0
06-10-2010 23:11;0;0
06-10-2010 23:12;0;0
06-10-2010 23:13;0;0
06-10-2010 23:14;0;0
06-10-2010 23:15;0;0
06-10-2010 23:16;0;0
06-10-2010 23:17;0;0
06-10-2010 23:18;0;0
06-10-2010 23:19;0;0
06-10-2010 23:20;0;0
06-10-2010 23:21;0;0
06-10-2010 23:22;0;0
06-10-2010 23:23;0;0
06-10-2010 23:24;0;0
06-10-2010 23:25;0;0
06-10-2010 23:26;0;0
06-10-2010 23:27;0;0
06-10-2010 23:28;0;0
06-10-2010 23:29;0;0
06-10-2010 23:30;0;0
06-10-2010 23:31;80;0
06-10-2010 23:32;0;0
06-10-2010 23:33;0;0
06-10-2010 23:34;0;0
06-10-2010 23:35;0;0
06-10-2010 23:36;0;0
06-10-2010 23:37;0;0
06-10-2010 23:38;0;0
06-10-2010 23:39;0;0
06-10-2010 23:40;0;0
06-10-2010 23:41;0;0
06-10-2010 23:42;0;0
06-10-2010 23:43;0;0
06-10-2010 23:44;0;0
06-10-2010 23:45;0;0
06-10-2010 23:46;0;0
06-10-2010 23:47;0;0
06-10-2010 23:48;0;0
06-10-2010 23:49;0;0
06-10-2010 23:50;0;0
06-10-2010 23:51;0;0
06-10-2010 23:52;0;0
06-10-2010 23:53;0;0
06-10-2010 23:54;0;0
06-10-2010 23:55;0;0
06-10-2010 23:56;47;0
06-10-2010 23:57;0;0
06-10-2010 23:58;0;0
06-10-2010 23:59;0;0
06-11-2010 00:00;0;0
06-11-2010 00:01;0;0
06-11-2010 00:02;0;0
06-11-2010 00:03;0;0
06-11-2010 00:04;0;0
06-11-2010 00:05;83;0
06-11-2010 00:06;0;0
06-11-2010 00:07;0;0
06-11-2010 00:08;0;0
06-11-2010 00:09;0;0
06-11-2010 00:10;0;0
06-11-2010 00:11;0;0
06-11-2010 00:12;0;0
06-11-2010 00:13;22;0
06-11-2010 00:14;0;0
06-11-2010 00:15;0;0
06-11-2010 00:16;0;0
06-11-2010 00:17;0;0
06-11-2010 00:18;0;0
06-11-2010 00:19;0;0
06-11-2010 00:20;5;0
06-11-2010 00:21;0;0
06-11-2010 00:22;0;0
06-11-2010 00:23;16;0
06-11-2010 00:24;0;0
06-11-2010 00:25;0;0
06-11-2010 00:26;0;0
06-11-2010 00:27;0;0
06-11-2010 00:28;0;0
06-11-2010 00:29;0;0
06-11-2010 00:30;3;0
06-11-2010 00:31;9;0
06-11-2010 00:32;0;0
06-11-2010 00:33;0;0
06-11-2010 00:34;0;0
06-11-2010 00:35;0;0
06-11-2010 00:36;5;0
06-11-2010 00:37;0;0
06-11-2010 00:38;0;0
06-11-2010 00:39;0;0
06-11-2010 00:40;22;0
06-11-2010 00:41;0;0
06-11-2010 00:42;0;0
06-11-2010 00:43;0;0
06-11-2010 00:44;0;0
06-11-2010 00:45;0;0
06-11-2010 00:46;0;0
06-11-2010 00:47;0;0
06-11-2010 00:48;0;0
06-11-2010 00:49;0;0
06-11-2010 00:50;0;0
06-11-2010 00:51;336;0
06-11-2010 00:52;0;0
06-11-2010 00:53;0;0
06-11-2010 00:54;0;0
06-11-2010 00:55;0;0
06-11-2010 00:56;0;0
06-11-2010 00:57;0;0
06-11-2010 00:58;16;0
06-11-2010 00:59;62;0
06-11-2010 01:00;0;0
06-11-2010 01:01;0;0
06-11-2010 01:02;0;0
06-11-2010 01:03;0;0
06-11-2010 01:04;0;0
06-11-2010 01:05;0;0
06-11-2010 01:06;0;0
06-11-2010 01:07;0;0
06-11-2010 01:08;0;0
06-11-2010 01:09;0;0
06-11-2010 01:10;0;0
06-11-2010 01:11;0;0
06-11-2010 01:12;0;0
06-11-2010 01:13;21;0
06-11-2010 01:14;0;0
06-11-2010 01:15;0;0
06-11-2010 01:16;0;0
06-11-2010 01:17;0;0
06-11-2010 01:18;0;0
06-11-2010 01:19;0;0
06-11-2010 01:20;0;0
06-11-2010 01:21;0;0
06-11-2010 01:22;0;0
06-11-2010 01:23;0;0
06-11-2010 01:24;0;0
06-11-2010 01:25;0;0
06-11-2010 01:26;0;0
06-11-2010 01:27;0;0
06-11-2010 01:28;0;0
06-11-2010 01:29;0;0
06-11-2010 01:30;0;0
06-11-2010 01:31;0;0
06-11-2010 01:32;0;0
06-11-2010 01:33;0;0
06-11-2010 01:34;0;0
06-11-2010 01:35;0;0
06-11-2010 01:36;0;0
06-11-2010 01:37;0;0
06-11-2010 01:38;0;0
06-11-2010 01:39;0;0
06-11-2010 01:40;232;0
06-11-2010 01:41;0;0
06-11-2010 01:42;0;0
06-11-2010 01:43;0;0
06-11-2010 01:44;0;0
06-11-2010 01:45;0;0
06-11-2010 01:46;0;0
06-11-2010 01:47;0;0
06-11-2010 01:48;0;0
06-11-2010 01:49;0;0
06-11-2010 01:50;0;0
06-11-2010 01:51;80;0
06-11-2010 01:52;0;0
06-11-2010 01:53;0;0
06-11-2010 01:54;0;0
06-11-2010 01:55;0;0
06-11-2010 01:56;0;0
06-11-2010 01:57;0;0
06-11-2010 01:58;0;0
06-11-2010 01:59;0;0
06-11-2010 02:00;0;0
06-11-2010 02:01;0;0
06-11-2010 02:02;0;0
06-11-2010 02:03;0;0
06-11-2010 02:04;0;0
06-11-2010 02:05;0;0
06-11-2010 02:06;0;0
06-11-2010 02:07;0;0
06-11-2010 02:08;0;0
06-11-2010 02:09;10;0
06-11-2010 02:10;733;0
06-11-2010 02:11;104;0
06-11-2010 02:12;666;0
06-11-2010 02:13;0;0
06-11-2010 02:14;3;0
06-11-2010 02:15;0;0
06-11-2010 02:16;0;0
06-11-2010 02:17;0;0
06-11-2010 02:18;0;0
06-11-2010 02:19;0;0
06-11-2010 02:20;0;0
06-11-2010 02:21;0;0
06-11-2010 02:22;0;0
06-11-2010 02:23;0;0
06-11-2010 02:24;0;0
06-11-2010 02:25;175;0
06-11-2010 02:26;0;0
06-11-2010 02:27;0;0
06-11-2010 02:28;0;0
06-11-2010 02:29;0;0
06-11-2010 02:30;0;0
06-11-2010 02:31;0;0
06-11-2010 02:32;0;0
06-11-2010 02:33;0;0
06-11-2010 02:34;12;0
06-11-2010 02:35;0;0
06-11-2010 02:36;0;0
06-11-2010 02:37;0;0
06-11-2010 02:38;0;0
06-11-2010 02:39;0;0
06-11-2010 02:40;0;0
06-11-2010 02:41;315;0
06-11-2010 02:42;348;0
06-11-2010 02:43;0;0
06-11-2010 02:44;0;0
06-11-2010 02:45;0;0
06-11-2010 02:46;0;0
06-11-2010 02:47;0;0
06-11-2010 02:48;0;0
06-11-2010 02:49;0;0
06-11-2010 02:50;0;0
06-11-2010 02:51;0;0
06-11-2010 02:52;0;0
06-11-2010 02:53;0;0
06-11-2010 02:54;0;0
06-11-2010 02:55;28;0
06-11-2010 02:56;0;0
06-11-2010 02:57;0;0
06-11-2010 02:58;0;0
06-11-2010 02:59;0;0
06-11-2010 03:00;175;0
06-11-2010 03:01;0;0
06-11-2010 03:02;0;0
06-11-2010 03:03;0;0
06-11-2010 03:04;0;0
06-11-2010 03:05;0;0
06-11-2010 03:06;0;0
06-11-2010 03:07;0;0
06-11-2010 03:08;0;0
06-11-2010 03:09;0;0
06-11-2010 03:10;0;0
06-11-2010 03:11;0;0
06-11-2010 03:12;0;0
06-11-2010 03:13;0;0
06-11-2010 03:14;0;0
06-11-2010 03:15;0;0
06-11-2010 03:16;0;0
06-11-2010 03:17;0;0
06-11-2010 03:18;0;0
06-11-2010 03:19;0;0
06-11-2010 03:20;0;0
06-11-2010 03:21;0;0
06-11-2010 03:22;0;0
06-11-2010 03:23;0;0
06-11-2010 03:24;0;0
06-11-2010 03:25;0;0
06-11-2010 03:26;168;0
06-11-2010 03:27;0;0
06-11-2010 03:28;3;0
06-11-2010 03:29;90;0
06-11-2010 03:30;0;0
06-11-2010 03:31;0;0
06-11-2010 03:32;0;0
06-11-2010 03:33;0;0
06-11-2010 03:34;0;0
06-11-2010 03:35;107;0
06-11-2010 03:36;0;0
06-11-2010 03:37;0;0
06-11-2010 03:38;0;0
06-11-2010 03:39;0;0
06-11-2010 03:40;0;0
06-11-2010 03:41;0;0
06-11-2010 03:42;0;0
06-11-2010 03:43;0;0
06-11-2010 03:44;0;0
06-11-2010 03:45;0;0
06-11-2010 03:46;22;0
06-11-2010 03:47;0;0
06-11-2010 03:48;0;0
06-11-2010 03:49;0;0
06-11-2010 03:50;0;0
06-11-2010 03:51;0;0
06-11-2010 03:52;0;0
06-11-2010 03:53;0;0
06-11-2010 03:54;0;0
06-11-2010 03:55;0;0
06-11-2010 03:56;0;0
06-11-2010 03:57;0;0
06-11-2010 03:58;0;0
06-11-2010 03:59;0;0
06-11-2010 04:00;0;0
06-11-2010 04:01;0;0
06-11-2010 04:02;0;0
06-11-2010 04:03;0;0
06-11-2010 04:04;0;0
06-11-2010 04:05;0;0
06-11-2010 04:06;147;0
06-11-2010 04:07;10;0
06-11-2010 04:08;0;0
06-11-2010 04:09;0;0
06-11-2010 04:10;0;0
06-11-2010 04:11;0;0
06-11-2010 04:12;0;0
06-11-2010 04:13;0;0
06-11-2010 04:14;121;0
06-11-2010 04:15;0;0
06-11-2010 04:16;0;0
06-11-2010 04:17;17;0
06-11-2010 04:18;29;0
06-11-2010 04:19;0;0
06-11-2010 04:20;0;0
06-11-2010 04:21;0;0
06-11-2010 04:22;0;0
06-11-2010 04:23;0;0
06-11-2010 04:24;0;0
06-11-2010 04:25;0;0
06-11-2010 04:26;0;0
06-11-2010 04:27;0;0
06-11-2010 04:28;0;0
06-11-2010 04:29;0;0
06-11-2010 04:30;0;0
06-11-2010 04:31;0;0
06-11-2010 04:32;10;0
06-11-2010 04:33;0;0
06-11-2010 04:34;66;0
06-11-2010 04:35;0;0
06-11-2010 04:36;0;0
06-11-2010 04:37;0;0
06-11-2010 04:38;33;0
06-11-2010 04:39;3;0
06-11-2010 04:40;0;0
06-11-2010 04:41;0;0
06-11-2010 04:42;0;0
06-11-2010 04:43;5;0
06-11-2010 04:44;0;0
06-11-2010 04:45;0;0
06-11-2010 04:46;0;0
06-11-2010 04:47;3;0
06-11-2010 04:48;0;0
06-11-2010 04:49;0;0
06-11-2010 04:50;0;0
06-11-2010 04:51;0;0
06-11-2010 04:52;0;0
06-11-2010 04:53;0;0
06-11-2010 04:54;0;0
06-11-2010 04:55;0;0
06-11-2010 04:56;0;0
06-11-2010 04:57;0;0
06-11-2010 04:58;0;0
06-11-2010 04:59;0;0
06-11-2010 05:00;47;0
06-11-2010 05:01;0;0
06-11-2010 05:02;42;0
06-11-2010 05:03;0;0
06-11-2010 05:04;0;0
06-11-2010 05:05;0;0
06-11-2010 05:06;0;0
06-11-2010 05:07;0;0
06-11-2010 05:08;0;0
06-11-2010 05:09;0;0
06-11-2010 05:10;0;0
06-11-2010 05:11;0;0
06-11-2010 05:12;0;0
06-11-2010 05:13;0;0
06-11-2010 05:14;0;0
06-11-2010 05:15;0;0
06-11-2010 05:16;0;0
06-11-2010 05:17;0;0
06-11-2010 05:18;0;0
06-11-2010 05:19;0;0
06-11-2010 05:20;54;0
06-11-2010 05:21;0;0
06-11-2010 05:22;0;0
06-11-2010 05:23;0;0
06-11-2010 05:24;0;0
06-11-2010 05:25;0;0
06-11-2010 05:26;0;0
06-11-2010 05:27;0;0
06-11-2010 05:28;0;0
06-11-2010 05:29;0;0
06-11-2010 05:30;0;0
06-11-2010 05:31;0;0
06-11-2010 05:32;0;0
06-11-2010 05:33;0;0
06-11-2010 05:34;0;0
06-11-2010 05:35;0;0
06-11-2010 05:36;0;0
06-11-2010 05:37;0;0
06-11-2010 05:38;0;0
06-11-2010 05:39;0;0
06-11-2010 05:40;0;0
06-11-2010 05:41;0;0
06-11-2010 05:42;0;0
06-11-2010 05:43;0;0
06-11-2010 05:44;0;0
06-11-2010 05:45;0;0
06-11-2010 05:46;0;0
06-11-2010 05:47;0;0
06-11-2010 05:48;0;0
06-11-2010 05:49;0;0
06-11-2010 05:50;0;0
06-11-2010 05:51;0;0
06-11-2010 05:52;3;0
06-11-2010 05:53;0;0
06-11-2010 05:54;0;0
06-11-2010 05:55;0;0
06-11-2010 05:56;0;0
06-11-2010 05:57;0;0
06-11-2010 05:58;66;0
06-11-2010 05:59;45;0
06-11-2010 06:00;0;0
06-11-2010 06:01;0;0
06-11-2010 06:02;0;0
06-11-2010 06:03;0;0
06-11-2010 06:04;0;0
06-11-2010 06:05;0;0
06-11-2010 06:06;0;0
06-11-2010 06:07;0;0
06-11-2010 06:08;0;0
06-11-2010 06:09;29;0
06-11-2010 06:10;0;0
06-11-2010 06:11;0;0
06-11-2010 06:12;0;0
06-11-2010 06:13;0;0
06-11-2010 06:14;0;0
06-11-2010 06:15;0;0
06-11-2010 06:16;0;0
06-11-2010 06:17;0;0
06-11-2010 06:18;121;0
06-11-2010 06:19;0;0
06-11-2010 06:20;0;0
06-11-2010 06:21;0;0
06-11-2010 06:22;40;0
06-11-2010 06:23;0;0
06-11-2010 06:24;0;0
06-11-2010 06:25;0;0
06-11-2010 06:26;0;0
06-11-2010 06:27;0;0
06-11-2010 06:28;0;0
06-11-2010 06:29;10;0
06-11-2010 06:30;0;0
06-11-2010 06:31;0;0
06-11-2010 06:32;0;0
06-11-2010 06:33;0;0
06-11-2010 06:34;0;0
06-11-2010 06:35;0;0
06-11-2010 06:36;0;0
06-11-2010 06:37;0;0
06-11-2010 06:38;0;0
06-11-2010 06:39;0;0
06-11-2010 06:40;0;0
06-11-2010 06:41;0;0
06-11-2010 06:42;0;0
06-11-2010 06:43;43;0
06-11-2010 06:44;0;0
06-11-2010 06:45;69;0
06-11-2010 06:46;73;0
06-11-2010 06:47;0;0
06-11-2010 06:48;0;0
06-11-2010 06:49;17;0
06-11-2010 06:50;0;0
06-11-2010 06:51;12;0
06-11-2010 06:52;202;0
06-11-2010 06:53;266;0
06-11-2010 06:54;605;0
06-11-2010 06:55;182;0
06-11-2010 06:56;372;0
06-11-2010 06:57;104;0
06-11-2010 06:58;19;0
06-11-2010 06:59;336;0
06-11-2010 07:00;758;0
06-11-2010 07:01;533;0
06-11-2010 07:02;223;0
06-11-2010 07:03;1010;0
06-11-2010 07:04;467;0
06-11-2010 07:05;1010;0
06-11-2010 07:06;315;0
06-11-2010 07:07;1076;0
06-11-2010 07:08;2150;1
06-11-2010 07:09;2084;1
06-11-2010 07:10;2218;1
06-11-2010 07:11;948;0
06-11-2010 07:12;1147;1
06-11-2010 07:13;410;0
06-11-2010 07:14;1430;1
06-11-2010 07:15;758;0
06-11-2010 07:16;336;0
06-11-2010 07:17;1043;0
06-11-2010 07:18;1301;1
06-11-2010 07:19;1043;0
06-11-2010 07:20;645;0
06-11-2010 07:21;918;0
06-11-2010 07:22;1147;1
06-11-2010 07:23;979;0
06-11-2010 07:24;918;0
06-11-2010 07:25;1076;0
06-11-2010 07:26;889;0
06-11-2010 07:27;605;0
06-11-2010 07:28;1010;0
06-11-2010 07:29;1221;1
06-11-2010 07:30;733;0
06-11-2010 07:31;1898;1
06-11-2010 07:32;1839;1
06-11-2010 07:33;624;0
06-11-2010 07:34;360;0
06-11-2010 07:35;948;0
06-11-2010 07:36;1522;1
06-11-2010 07:37;918;0
06-11-2010 07:38;605;0
06-11-2010 07:39;758;0
06-11-2010 07:40;1043;0
06-11-2010 07:41;808;0
06-11-2010 07:42;666;0
06-11-2010 07:43;688;0
06-11-2010 07:44;209;0
06-11-2010 07:45;325;0
06-11-2010 07:46;666;0
06-11-2010 07:47;142;0
06-11-2010 07:48;126;0
06-11-2010 07:49;157;0
06-11-2010 07:50;189;0
06-11-2010 07:51;483;0
06-11-2010 07:52;948;0
06-11-2010 07:53;567;0
06-11-2010 07:54;304;0
06-11-2010 07:55;209;0
06-11-2010 07:56;249;0
06-11-2010 07:57;223;0
06-11-2010 07:58;48;0
06-11-2010 07:59;0;0
06-11-2010 08:00;121;0
06-11-2010 08:01;0;0
06-11-2010 08:02;43;0
06-11-2010 08:03;100;0
06-11-2010 08:04;55;0
06-11-2010 08:05;43;0
06-11-2010 08:06;142;0
06-11-2010 08:07;48;0
06-11-2010 08:08;50;0
06-11-2010 08:09;586;0
06-11-2010 08:10;372;0
06-11-2010 08:11;483;0
06-11-2010 08:12;348;0
06-11-2010 08:13;0;0
06-11-2010 08:14;0;0
06-11-2010 08:15;0;0
06-11-2010 08:16;0;0
06-11-2010 08:17;0;0
06-11-2010 08:18;3;0
06-11-2010 08:19;0;0
06-11-2010 08:20;7;0
06-11-2010 08:21;0;0
06-11-2010 08:22;0;0
06-11-2010 08:23;0;0
06-11-2010 08:24;0;0
06-11-2010 08:25;0;0
06-11-2010 08:26;0;0
06-11-2010 08:27;0;0
06-11-2010 08:28;0;0
06-11-2010 08:29;0;0
06-11-2010 08:30;0;0
06-11-2010 08:31;0;0
06-11-2010 08:32;0;0
06-11-2010 08:33;0;0
06-11-2010 08:34;0;0
06-11-2010 08:35;0;0
06-11-2010 08:36;0;0
06-11-2010 08:37;0;0
06-11-2010 08:38;0;0
06-11-2010 08:39;0;0
06-11-2010 08:40;0;0
06-11-2010 08:41;0;0
06-11-2010 08:42;0;0
06-11-2010 08:43;0;0
06-11-2010 08:44;0;0
06-11-2010 08:45;0;0
06-11-2010 08:46;0;0
06-11-2010 08:47;0;0
06-11-2010 08:48;0;0
06-11-2010 08:49;0;0
06-11-2010 08:50;0;0
06-11-2010 08:51;0;0
06-11-2010 08:52;0;0
06-11-2010 08:53;0;0
06-11-2010 08:54;0;0
06-11-2010 08:55;0;0
06-11-2010 08:56;0;0
06-11-2010 08:57;0;0
06-11-2010 08:58;0;0
06-11-2010 08:59;0;0
06-11-2010 09:00;0;0
06-11-2010 09:01;0;0
06-11-2010 09:02;86;0
06-11-2010 09:03;0;0
06-11-2010 09:04;0;0
06-11-2010 09:05;0;0
06-11-2010 09:06;0;0
06-11-2010 09:07;3;0
06-11-2010 09:08;0;0
06-11-2010 09:09;0;0
06-11-2010 09:10;0;0
06-11-2010 09:11;0;0
06-11-2010 09:12;5;0
06-11-2010 09:13;0;0
06-11-2010 09:14;0;0
06-11-2010 09:15;0;0
06-11-2010 09:16;0;0
06-11-2010 09:17;0;0
06-11-2010 09:18;0;0
06-11-2010 09:19;0;0
06-11-2010 09:20;0;0
06-11-2010 09:21;0;0
06-11-2010 09:22;0;0
06-11-2010 09:23;5;0
06-11-2010 09:24;0;0
06-11-2010 09:25;0;0
06-11-2010 09:26;0;0
06-11-2010 09:27;0;0
06-11-2010 09:28;0;0
06-11-2010 09:29;0;0
06-11-2010 09:30;0;0
06-11-2010 09:31;0;0
06-11-2010 09:32;5;0
06-11-2010 09:33;0;0
06-11-2010 09:34;0;0
06-11-2010 09:35;0;0
06-11-2010 09:36;0;0
06-11-2010 09:37;7;0
06-11-2010 09:38;0;0
06-11-2010 09:39;0;0
06-11-2010 09:40;0;0
06-11-2010 09:41;0;0
06-11-2010 09:42;0;0
06-11-2010 09:43;0;0
06-11-2010 09:44;0;0
06-11-2010 09:45;0;0
06-11-2010 09:46;0;0
06-11-2010 09:47;0;0
06-11-2010 09:48;0;0
06-11-2010 09:49;0;0
06-11-2010 09:50;0;0
06-11-2010 09:51;0;0
06-11-2010 09:52;0;0
06-11-2010 09:53;0;0
06-11-2010 09:54;0;0
06-11-2010 09:55;0;0
06-11-2010 09:56;0;0
06-11-2010 09:57;284;0
06-11-2010 09:58;498;0
06-11-2010 09:59;36;0
06-11-2010 10:00;43;0
06-11-2010 10:01;918;0
06-11-2010 10:02;948;0
06-11-2010 10:03;1839;1
06-11-2010 10:04;1183;1
06-11-2010 10:05;711;0
06-11-2010 10:06;1386;1
06-11-2010 10:07;918;0
06-11-2010 10:08;2845;1
06-11-2010 10:09;2435;1
06-11-2010 10:10;1386;1
06-11-2010 10:11;533;0
06-11-2010 10:12;3762;1
06-11-2010 10:13;1076;0
06-11-2010 10:14;1958;1
06-11-2010 10:15;1839;1
06-11-2010 10:16;645;0
06-11-2010 10:17;1221;1
06-11-2010 10:18;645;0
06-11-2010 10:19;410;0
06-11-2010 10:20;834;0
06-11-2010 10:21;889;0
06-11-2010 10:22;240;0
06-11-2010 10:23;533;0
06-11-2010 10:24;142;0
06-11-2010 10:25;80;0
06-11-2010 10:26;0;0
06-11-2010 10:27;83;0
06-11-2010 10:28;73;0
06-11-2010 10:29;31;0
06-11-2010 10:30;80;0
06-11-2010 10:31;216;0
06-11-2010 10:32;59;0
06-11-2010 10:33;50;0
06-11-2010 10:34;0;0
06-11-2010 10:35;284;0
06-11-2010 10:36;223;0
06-11-2010 10:37;360;0
06-11-2010 10:38;515;0
06-11-2010 10:39;0;0
06-11-2010 10:40;100;0
06-11-2010 10:41;948;0
06-11-2010 10:42;467;0
06-11-2010 10:43;45;0
06-11-2010 10:44;52;0
06-11-2010 10:45;0;0
06-11-2010 10:46;0;0
06-11-2010 10:47;0;0
06-11-2010 10:48;0;0
06-11-2010 10:49;0;0
06-11-2010 10:50;0;0
06-11-2010 10:51;0;0
06-11-2010 10:52;0;0
06-11-2010 10:53;0;0
06-11-2010 10:54;0;0
06-11-2010 10:55;0;0
06-11-2010 10:56;0;0
06-11-2010 10:57;0;0
06-11-2010 10:58;0;0
06-11-2010 10:59;0;0
06-11-2010 11:00;0;0
06-11-2010 11:01;0;0
06-11-2010 11:02;0;0
06-11-2010 11:03;0;0
06-11-2010 11:04;0;0
06-11-2010 11:05;14;0
06-11-2010 11:06;0;0
06-11-2010 11:07;126;0
06-11-2010 11:08;348;0
06-11-2010 11:09;889;0
06-11-2010 11:10;979;0
06-11-2010 11:11;1221;1
06-11-2010 11:12;384;0
06-11-2010 11:13;1430;1
06-11-2010 11:14;1043;0
06-11-2010 11:15;861;0
06-11-2010 11:16;1076;0
06-11-2010 11:17;1076;0
06-11-2010 11:18;782;0
06-11-2010 11:19;1043;0
06-11-2010 11:20;834;0
06-11-2010 11:21;808;0
06-11-2010 11:22;483;0
06-11-2010 11:23;979;0
06-11-2010 11:24;834;0
06-11-2010 11:25;782;0
06-11-2010 11:26;294;0
06-11-2010 11:27;733;0
06-11-2010 11:28;889;0
06-11-2010 11:29;711;0
06-11-2010 11:30;624;0
06-11-2010 11:31;438;0
06-11-2010 11:32;360;0
06-11-2010 11:33;372;0
06-11-2010 11:34;304;0
06-11-2010 11:35;410;0
06-11-2010 11:36;645;0
06-11-2010 11:37;979;0
06-11-2010 11:38;467;0
06-11-2010 11:39;483;0
06-11-2010 11:40;567;0
06-11-2010 11:41;195;0
06-11-2010 11:42;533;0
06-11-2010 11:43;396;0
06-11-2010 11:44;586;0
06-11-2010 11:45;550;0
06-11-2010 11:46;533;0
06-11-2010 11:47;451;0
06-11-2010 11:48;304;0
06-11-2010 11:49;666;0
06-11-2010 11:50;624;0
06-11-2010 11:51;605;0
06-11-2010 11:52;372;0
06-11-2010 11:53;142;0
06-11-2010 11:54;451;0
06-11-2010 11:55;336;0
06-11-2010 11:56;202;0
06-11-2010 11:57;216;0
06-11-2010 11:58;131;0
06-11-2010 11:59;294;0
06-11-2010 12:00;396;0
06-11-2010 12:01;834;0
06-11-2010 12:02;1043;0
06-11-2010 12:03;498;0
06-11-2010 12:04;325;0
06-11-2010 12:05;360;0
06-11-2010 12:06;410;0
06-11-2010 12:07;5;0
06-11-2010 12:08;14;0
06-11-2010 12:09;0;0
06-11-2010 12:10;0;0
06-11-2010 12:11;0;0
06-11-2010 12:12;0;0
06-11-2010 12:13;0;0
06-11-2010 12:14;0;0
06-11-2010 12:15;0;0
06-11-2010 12:16;0;0
06-11-2010 12:17;0;0
06-11-2010 12:18;0;0
06-11-2010 12:19;0;0
06-11-2010 12:20;0;0
06-11-2010 12:21;22;0
06-11-2010 12:22;3;0
06-11-2010 12:23;0;0
06-11-2010 12:24;0;0
06-11-2010 12:25;0;0
06-11-2010 12:26;0;0
06-11-2010 12:27;0;0
06-11-2010 12:28;0;0
06-11-2010 12:29;0;0
06-11-2010 12:30;0;0
06-11-2010 12:31;0;0
06-11-2010 12:32;0;0
06-11-2010 12:33;0;0
06-11-2010 12:34;0;0
06-11-2010 12:35;0;0
06-11-2010 12:36;0;0
06-11-2010 12:37;0;0
06-11-2010 12:38;0;0
06-11-2010 12:39;0;0
06-11-2010 12:40;0;0
06-11-2010 12:41;0;0
06-11-2010 12:42;0;0
06-11-2010 12:43;0;0
06-11-2010 12:44;0;0
06-11-2010 12:45;0;0
06-11-2010 12:46;0;0
06-11-2010 12:47;0;0
06-11-2010 12:48;76;0
06-11-2010 12:49;100;0
06-11-2010 12:50;0;0
06-11-2010 12:51;80;0
06-11-2010 12:52;0;0
06-11-2010 12:53;0;0
06-11-2010 12:54;0;0
06-11-2010 12:55;0;0
06-11-2010 12:56;0;0
06-11-2010 12:57;0;0
06-11-2010 12:58;182;0
06-11-2010 12:59;121;0
06-11-2010 13:00;0;0
06-11-2010 13:01;9;0
06-11-2010 13:02;424;0
06-11-2010 13:03;116;0
06-11-2010 13:04;733;0
06-11-2010 13:05;645;0
06-11-2010 13:06;605;0
06-11-2010 13:07;498;0
06-11-2010 13:08;100;0
06-11-2010 13:09;147;0
06-11-2010 13:10;348;0
06-11-2010 13:11;0;0
06-11-2010 13:12;0;0
06-11-2010 13:13;0;0
06-11-2010 13:14;0;0
06-11-2010 13:15;0;0
06-11-2010 13:16;1043;0
06-11-2010 13:17;1301;1
06-11-2010 13:18;834;0
06-11-2010 13:19;948;0
06-11-2010 13:20;861;0
06-11-2010 13:21;550;0
06-11-2010 13:22;3;0
06-11-2010 13:23;0;0
06-11-2010 13:24;0;0
06-11-2010 13:25;0;0
06-11-2010 13:26;0;0
06-11-2010 13:27;10;0
06-11-2010 13:28;33;0
06-11-2010 13:29;14;0
06-11-2010 13:30;0;0
06-11-2010 13:31;0;0
06-11-2010 13:32;195;0
06-11-2010 13:33;3;0
06-11-2010 13:34;100;0
06-11-2010 13:35;918;0
06-11-2010 13:36;1386;1
06-11-2010 13:37;1110;1
06-11-2010 13:38;1147;1
06-11-2010 13:39;1301;1
06-11-2010 13:40;586;0
06-11-2010 13:41;42;0
06-11-2010 13:42;86;0
06-11-2010 13:43;142;0
06-11-2010 13:44;93;0
06-11-2010 13:45;275;0
06-11-2010 13:46;22;0
06-11-2010 13:47;275;0
06-11-2010 13:48;1010;0
06-11-2010 13:49;1110;1
06-11-2010 13:50;1301;1
06-11-2010 13:51;645;0
06-11-2010 13:52;467;0
06-11-2010 13:53;304;0
06-11-2010 13:54;688;0
06-11-2010 13:55;1261;1
06-11-2010 13:56;624;0
06-11-2010 13:57;348;0
06-11-2010 13:58;483;0
06-11-2010 13:59;284;0
06-11-2010 14:00;533;0
06-11-2010 14:01;515;0
06-11-2010 14:02;438;0
06-11-2010 14:03;666;0
06-11-2010 14:04;1076;0
06-11-2010 14:05;1386;1
06-11-2010 14:06;948;0
06-11-2010 14:07;1621;1
06-11-2010 14:08;384;0
06-11-2010 14:09;467;0
06-11-2010 14:10;424;0
06-11-2010 14:11;424;0
06-11-2010 14:12;1147;1
06-11-2010 14:13;782;0
06-11-2010 14:14;948;0
06-11-2010 14:15;1043;0
06-11-2010 14:16;1110;1
06-11-2010 14:17;550;0
06-11-2010 14:18;1430;1
06-11-2010 14:19;918;0
06-11-2010 14:20;567;0
06-11-2010 14:21;948;0
06-11-2010 14:22;861;0
06-11-2010 14:23;645;0
06-11-2010 14:24;808;0
06-11-2010 14:25;1342;1
06-11-2010 14:26;1673;1
06-11-2010 14:27;1043;0
06-11-2010 14:28;918;0
06-11-2010 14:29;1147;1
06-11-2010 14:30;1043;0
06-11-2010 14:31;515;0
06-11-2010 14:32;624;0
06-11-2010 14:33;979;0
06-11-2010 14:34;948;0
06-11-2010 14:35;889;0
06-11-2010 14:36;889;0
06-11-2010 14:37;808;0
06-11-2010 14:38;550;0
06-11-2010 14:39;861;0
06-11-2010 14:40;918;0
06-11-2010 14:41;758;0
06-11-2010 14:42;624;0
06-11-2010 14:43;889;0
06-11-2010 14:44;711;0
06-11-2010 14:45;688;0
06-11-2010 14:46;567;0
06-11-2010 14:47;948;0
06-11-2010 14:48;666;0
06-11-2010 14:49;467;0
06-11-2010 14:50;266;0
06-11-2010 14:51;189;0
06-11-2010 14:52;294;0
06-11-2010 14:53;733;0
06-11-2010 14:54;467;0
06-11-2010 14:55;438;0
06-11-2010 14:56;666;0
06-11-2010 14:57;711;0
06-11-2010 14:58;605;0
06-11-2010 14:59;348;0
06-11-2010 15:00;550;0
06-11-2010 15:01;758;0
06-11-2010 15:02;861;0
06-11-2010 15:03;861;0
06-11-2010 15:04;889;0
06-11-2010 15:05;533;0
06-11-2010 15:06;0;0
06-11-2010 15:07;240;0
06-11-2010 15:08;0;0
06-11-2010 15:09;533;0
06-11-2010 15:10;62;0
06-11-2010 15:11;142;0
06-11-2010 15:12;266;0
06-11-2010 15:13;80;0
06-11-2010 15:14;137;0
06-11-2010 15:15;550;0
06-11-2010 15:16;0;0
06-11-2010 15:17;0;0
06-11-2010 15:18;0;0
06-11-2010 15:19;0;0
06-11-2010 15:20;0;0
06-11-2010 15:21;0;0
06-11-2010 15:22;0;0
06-11-2010 15:23;0;0
06-11-2010 15:24;0;0
06-11-2010 15:25;0;0
06-11-2010 15:26;0;0
06-11-2010 15:27;0;0
06-11-2010 15:28;0;0
06-11-2010 15:29;0;0
06-11-2010 15:30;0;0
06-11-2010 15:31;0;0
06-11-2010 15:32;0;0
06-11-2010 15:33;0;0
06-11-2010 15:34;0;0
06-11-2010 15:35;0;0
06-11-2010 15:36;0;0
06-11-2010 15:37;0;0
06-11-2010 15:38;0;0
06-11-2010 15:39;0;0
06-11-2010 15:40;0;0
06-11-2010 15:41;0;0
06-11-2010 15:42;0;0
06-11-2010 15:43;0;0
06-11-2010 15:44;0;0
06-11-2010 15:45;0;0
06-11-2010 15:46;0;0
06-11-2010 15:47;0;0
06-11-2010 15:48;0;0
06-11-2010 15:49;0;0
06-11-2010 15:50;0;0
06-11-2010 15:51;0;0
06-11-2010 15:52;0;0
06-11-2010 15:53;0;0
06-11-2010 15:54;0;0
06-11-2010 15:55;0;0
06-11-2010 15:56;0;0
06-11-2010 15:57;275;0
06-11-2010 15:58;294;0
06-11-2010 15:59;5;0
06-11-2010 16:00;0;0
06-11-2010 16:01;0;0
06-11-2010 16:02;567;0
06-11-2010 16:03;666;0
06-11-2010 16:04;979;0
06-11-2010 16:05;948;0
06-11-2010 16:06;1110;1
06-11-2010 16:07;1386;1
06-11-2010 16:08;834;0
06-11-2010 16:09;232;0
06-11-2010 16:10;586;0
06-11-2010 16:11;645;0
06-11-2010 16:12;733;0
06-11-2010 16:13;438;0
06-11-2010 16:14;782;0
06-11-2010 16:15;918;0
06-11-2010 16:16;889;0
06-11-2010 16:17;396;0
06-11-2010 16:18;666;0
06-11-2010 16:19;624;0
06-11-2010 16:20;2513;1
06-11-2010 16:21;1010;0
06-11-2010 16:22;1673;1
06-11-2010 16:23;624;0
06-11-2010 16:24;175;0
06-11-2010 16:25;249;0
06-11-2010 16:26;59;0
06-11-2010 16:27;948;0
06-11-2010 16:28;918;0
06-11-2010 16:29;808;0
06-11-2010 16:30;645;0
06-11-2010 16:31;586;0
06-11-2010 16:32;1110;1
06-11-2010 16:33;979;0
06-11-2010 16:34;688;0
06-11-2010 16:35;1475;1
06-11-2010 16:36;284;0
06-11-2010 16:37;1076;0
06-11-2010 16:38;1261;1
06-11-2010 16:39;586;0
06-11-2010 16:40;918;0
06-11-2010 16:41;1726;1
06-11-2010 16:42;918;0
06-11-2010 16:43;918;0
06-11-2010 16:44;758;0
06-11-2010 16:45;1301;1
06-11-2010 16:46;1958;1
06-11-2010 16:47;834;0
06-11-2010 16:48;979;0
06-11-2010 16:49;624;0
06-11-2010 16:50;498;0
06-11-2010 16:51;605;0
06-11-2010 16:52;315;0
06-11-2010 16:53;424;0
06-11-2010 16:54;808;0
06-11-2010 16:55;586;0
06-11-2010 16:56;782;0
06-11-2010 16:57;515;0
06-11-2010 16:58;315;0
06-11-2010 16:59;424;0
06-11-2010 17:00;666;0
06-11-2010 17:01;515;0
06-11-2010 17:02;372;0
06-11-2010 17:03;372;0
06-11-2010 17:04;304;0
06-11-2010 17:05;605;0
06-11-2010 17:06;284;0
06-11-2010 17:07;384;0
06-11-2010 17:08;294;0
06-11-2010 17:09;142;0
06-11-2010 17:10;175;0
06-11-2010 17:11;195;0
06-11-2010 17:12;93;0
06-11-2010 17:13;0;0
06-11-2010 17:14;0;0
06-11-2010 17:15;189;0
06-11-2010 17:16;451;0
06-11-2010 17:17;410;0
06-11-2010 17:18;586;0
06-11-2010 17:19;1183;1
06-11-2010 17:20;688;0
06-11-2010 17:21;515;0
06-11-2010 17:22;410;0
06-11-2010 17:23;467;0
06-11-2010 17:24;645;0
06-11-2010 17:25;948;0
06-11-2010 17:26;666;0
06-11-2010 17:27;396;0
06-11-2010 17:28;834;0
06-11-2010 17:29;624;0
06-11-2010 17:30;889;0
06-11-2010 17:31;948;0
06-11-2010 17:32;498;0
06-11-2010 17:33;31;0
06-11-2010 17:34;0;0
06-11-2010 17:35;0;0
06-11-2010 17:36;624;0
06-11-2010 17:37;360;0
06-11-2010 17:38;202;0
06-11-2010 17:39;111;0
06-11-2010 17:40;0;0
06-11-2010 17:41;35;0
06-11-2010 17:42;50;0
06-11-2010 17:43;19;0
06-11-2010 17:44;21;0
06-11-2010 17:45;0;0
06-11-2010 17:46;69;0
06-11-2010 17:47;14;0
06-11-2010 17:48;42;0
06-11-2010 17:49;33;0
06-11-2010 17:50;3;0
06-11-2010 17:51;0;0
06-11-2010 17:52;3;0
06-11-2010 17:53;0;0
06-11-2010 17:54;40;0
06-11-2010 17:55;38;0
06-11-2010 17:56;0;0
06-11-2010 17:57;14;0
06-11-2010 17:58;152;0
06-11-2010 17:59;69;0
06-11-2010 18:00;29;0
06-11-2010 18:01;10;0
06-11-2010 18:02;35;0
06-11-2010 18:03;17;0
06-11-2010 18:04;14;0
06-11-2010 18:05;0;0
06-11-2010 18:06;100;0
06-11-2010 18:07;0;0
06-11-2010 18:08;69;0
06-11-2010 18:09;0;0
06-11-2010 18:10;0;0
06-11-2010 18:11;3;0
06-11-2010 18:12;9;0
06-11-2010 18:13;59;0
06-11-2010 18:14;0;0
06-11-2010 18:15;3;0
06-11-2010 18:16;3;0
06-11-2010 18:17;47;0
06-11-2010 18:18;38;0
06-11-2010 18:19;126;0
06-11-2010 18:20;550;0
06-11-2010 18:21;624;0
06-11-2010 18:22;467;0
06-11-2010 18:23;533;0
06-11-2010 18:24;258;0
06-11-2010 18:25;284;0
06-11-2010 18:26;209;0
06-11-2010 18:27;666;0
06-11-2010 18:28;410;0
06-11-2010 18:29;0;0
06-11-2010 18:30;0;0
06-11-2010 18:31;275;0
06-11-2010 18:32;131;0
06-11-2010 18:33;202;0
06-11-2010 18:34;116;0
06-11-2010 18:35;410;0
06-11-2010 18:36;116;0
06-11-2010 18:37;121;0
06-11-2010 18:38;111;0
06-11-2010 18:39;45;0
06-11-2010 18:40;111;0
06-11-2010 18:41;152;0
06-11-2010 18:42;175;0
06-11-2010 18:43;0;0
06-11-2010 18:44;0;0
06-11-2010 18:45;111;0
06-11-2010 18:46;294;0
06-11-2010 18:47;315;0
06-11-2010 18:48;16;0
06-11-2010 18:49;59;0
06-11-2010 18:50;29;0
06-11-2010 18:51;0;0
06-11-2010 18:52;304;0
06-11-2010 18:53;232;0
06-11-2010 18:54;0;0
06-11-2010 18:55;304;0
06-11-2010 18:56;294;0
06-11-2010 18:57;666;0
06-11-2010 18:58;1110;1
06-11-2010 18:59;834;0
06-11-2010 19:00;1147;1
06-11-2010 19:01;1110;1
06-11-2010 19:02;979;0
06-11-2010 19:03;861;0
06-11-2010 19:04;586;0
06-11-2010 19:05;17;0
06-11-2010 19:06;48;0
06-11-2010 19:07;107;0
06-11-2010 19:08;69;0
06-11-2010 19:09;36;0
06-11-2010 19:10;14;0
06-11-2010 19:11;19;0
06-11-2010 19:12;116;0
06-11-2010 19:13;97;0
06-11-2010 19:14;182;0
06-11-2010 19:15;396;0
06-11-2010 19:16;1183;1
06-11-2010 19:17;1043;0
06-11-2010 19:18;918;0
06-11-2010 19:19;688;0
06-11-2010 19:20;2218;1
06-11-2010 19:21;1430;1
06-11-2010 19:22;861;0
06-11-2010 19:23;451;0
06-11-2010 19:24;498;0
06-11-2010 19:25;336;0
06-11-2010 19:26;348;0
06-11-2010 19:27;605;0
06-11-2010 19:28;1183;1
06-11-2010 19:29;711;0
06-11-2010 19:30;567;0
06-11-2010 19:31;948;0
06-11-2010 19:32;550;0
06-11-2010 19:33;688;0
06-11-2010 19:34;384;0
06-11-2010 19:35;666;0
06-11-2010 19:36;1010;0
06-11-2010 19:37;782;0
06-11-2010 19:38;733;0
06-11-2010 19:39;384;0
06-11-2010 19:40;498;0
06-11-2010 19:41;284;0
06-11-2010 19:42;202;0
06-11-2010 19:43;258;0
06-11-2010 19:44;111;0
06-11-2010 19:45;3;0
06-11-2010 19:46;216;0
06-11-2010 19:47;104;0
06-11-2010 19:48;45;0
06-11-2010 19:49;73;0
06-11-2010 19:50;80;0
06-11-2010 19:51;304;0
06-11-2010 19:52;31;0
06-11-2010 19:53;69;0
06-11-2010 19:54;31;0
06-11-2010 19:55;52;0
06-11-2010 19:56;189;0
06-11-2010 19:57;948;0
06-11-2010 19:58;808;0
06-11-2010 19:59;711;0
06-11-2010 20:00;147;0
06-11-2010 20:01;275;0
06-11-2010 20:02;35;0
06-11-2010 20:03;76;0
06-11-2010 20:04;66;0
06-11-2010 20:05;202;0
06-11-2010 20:06;0;0
06-11-2010 20:07;97;0
06-11-2010 20:08;232;0
06-11-2010 20:09;240;0
06-11-2010 20:10;209;0
06-11-2010 20:11;21;0
06-11-2010 20:12;111;0
06-11-2010 20:13;348;0
06-11-2010 20:14;438;0
06-11-2010 20:15;688;0
06-11-2010 20:16;19;0
06-11-2010 20:17;0;0
06-11-2010 20:18;0;0
06-11-2010 20:19;0;0
06-11-2010 20:20;0;0
06-11-2010 20:21;137;0
06-11-2010 20:22;69;0
06-11-2010 20:23;66;0
06-11-2010 20:24;66;0
06-11-2010 20:25;202;0
06-11-2010 20:26;0;0
06-11-2010 20:27;66;0
06-11-2010 20:28;104;0
06-11-2010 20:29;116;0
06-11-2010 20:30;979;0
06-11-2010 20:31;1043;0
06-11-2010 20:32;918;0
06-11-2010 20:33;209;0
06-11-2010 20:34;12;0
06-11-2010 20:35;249;0
06-11-2010 20:36;605;0
06-11-2010 20:37;861;0
06-11-2010 20:38;424;0
06-11-2010 20:39;29;0
06-11-2010 20:40;66;0
06-11-2010 20:41;73;0
06-11-2010 20:42;467;0
06-11-2010 20:43;688;0
06-11-2010 20:44;438;0
06-11-2010 20:45;808;0
06-11-2010 20:46;645;0
06-11-2010 20:47;666;0
06-11-2010 20:48;733;0
06-11-2010 20:49;515;0
06-11-2010 20:50;666;0
06-11-2010 20:51;483;0
06-11-2010 20:52;438;0
06-11-2010 20:53;189;0
06-11-2010 20:54;782;0
06-11-2010 20:55;240;0
06-11-2010 20:56;216;0
06-11-2010 20:57;223;0
06-11-2010 20:58;0;0
06-11-2010 20:59;73;0
06-11-2010 21:00;0;0
06-11-2010 21:01;52;0
06-11-2010 21:02;0;0
06-11-2010 21:03;0;0
06-11-2010 21:04;19;0
06-11-2010 21:05;42;0
06-11-2010 21:06;10;0
06-11-2010 21:07;0;0
06-11-2010 21:08;0;0
06-11-2010 21:09;0;0
06-11-2010 21:10;163;0
06-11-2010 21:11;175;0
06-11-2010 21:12;0;0
06-11-2010 21:13;0;0
06-11-2010 21:14;28;0
06-11-2010 21:15;21;0
06-11-2010 21:16;7;0
06-11-2010 21:17;0;0
06-11-2010 21:18;189;0
06-11-2010 21:19;0;0
06-11-2010 21:20;3;0
06-11-2010 21:21;3;0
06-11-2010 21:22;21;0
06-11-2010 21:23;0;0
06-11-2010 21:24;0;0
06-11-2010 21:25;33;0
06-11-2010 21:26;0;0
06-11-2010 21:27;35;0
06-11-2010 21:28;232;0
06-11-2010 21:29;624;0
06-11-2010 21:30;515;0
06-11-2010 21:31;624;0
06-11-2010 21:32;834;0
06-11-2010 21:33;1010;0
06-11-2010 21:34;666;0
06-11-2010 21:35;336;0
06-11-2010 21:36;567;0
06-11-2010 21:37;258;0
06-11-2010 21:38;175;0
06-11-2010 21:39;258;0
06-11-2010 21:40;163;0
06-11-2010 21:41;182;0
06-11-2010 21:42;240;0
06-11-2010 21:43;918;0
06-11-2010 21:44;861;0
06-11-2010 21:45;325;0
06-11-2010 21:46;808;0
06-11-2010 21:47;808;0
06-11-2010 21:48;100;0
06-11-2010 21:49;567;0
06-11-2010 21:50;189;0
06-11-2010 21:51;42;0
06-11-2010 21:52;131;0
06-11-2010 21:53;126;0
06-11-2010 21:54;0;0
06-11-2010 21:55;0;0
06-11-2010 21:56;0;0
06-11-2010 21:57;0;0
06-11-2010 21:58;21;0
06-11-2010 21:59;605;0
06-11-2010 22:00;111;0
06-11-2010 22:01;360;0
06-11-2010 22:02;360;0
06-11-2010 22:03;66;0
06-11-2010 22:04;240;0
06-11-2010 22:05;55;0
06-11-2010 22:06;240;0
06-11-2010 22:07;12;0
06-11-2010 22:08;3;0
06-11-2010 22:09;0;0
06-11-2010 22:10;0;0
06-11-2010 22:11;7;0
06-11-2010 22:12;0;0
06-11-2010 22:13;0;0
06-11-2010 22:14;0;0
06-11-2010 22:15;0;0
06-11-2010 22:16;189;0
06-11-2010 22:17;19;0
06-11-2010 22:18;0;0
06-11-2010 22:19;0;0
06-11-2010 22:20;54;0
06-11-2010 22:21;86;0
06-11-2010 22:22;26;0
06-11-2010 22:23;76;0
06-11-2010 22:24;86;0
06-11-2010 22:25;0;0
06-11-2010 22:26;0;0
06-11-2010 22:27;0;0
06-11-2010 22:28;0;0
06-11-2010 22:29;48;0
06-11-2010 22:30;918;0
06-11-2010 22:31;515;0
06-11-2010 22:32;1958;1
06-11-2010 22:33;948;0
06-11-2010 22:34;304;0
06-11-2010 22:35;1430;1
06-11-2010 22:36;1301;1
06-11-2010 22:37;97;0
06-11-2010 22:38;69;0
06-11-2010 22:39;93;0
06-11-2010 22:40;69;0
06-11-2010 22:41;121;0
06-11-2010 22:42;182;0
06-11-2010 22:43;107;0
06-11-2010 22:44;111;0
06-11-2010 22:45;168;0
06-11-2010 22:46;240;0
06-11-2010 22:47;163;0
06-11-2010 22:48;93;0
06-11-2010 22:49;97;0
06-11-2010 22:50;249;0
06-11-2010 22:51;168;0
06-11-2010 22:52;348;0
06-11-2010 22:53;0;0
06-11-2010 22:54;0;0
06-11-2010 22:55;240;0
06-11-2010 22:56;111;0
06-11-2010 22:57;16;0
06-11-2010 22:58;0;0
06-11-2010 22:59;0;0
06-11-2010 23:00;0;0
06-11-2010 23:01;0;0
06-11-2010 23:02;0;0
06-11-2010 23:03;0;0
06-11-2010 23:04;0;0
06-11-2010 23:05;0;0
06-11-2010 23:06;0;0
06-11-2010 23:07;0;0
06-11-2010 23:08;0;0
06-11-2010 23:09;0;0
06-11-2010 23:10;0;0
06-11-2010 23:11;0;0
06-11-2010 23:12;0;0
06-11-2010 23:13;0;0
06-11-2010 23:14;0;0
06-11-2010 23:15;0;0
06-11-2010 23:16;0;0
06-11-2010 23:17;0;0
06-11-2010 23:18;0;0
06-11-2010 23:19;0;0
06-11-2010 23:20;0;0
06-11-2010 23:21;0;0
06-11-2010 23:22;0;0
06-11-2010 23:23;0;0
06-11-2010 23:24;0;0
06-11-2010 23:25;0;0
06-11-2010 23:26;0;0
06-11-2010 23:27;0;0
06-11-2010 23:28;0;0
06-11-2010 23:29;0;0
06-11-2010 23:30;0;0
06-11-2010 23:31;0;0
06-11-2010 23:32;0;0
06-11-2010 23:33;0;0
06-11-2010 23:34;0;0
06-11-2010 23:35;0;0
06-11-2010 23:36;0;0
06-11-2010 23:37;0;0
06-11-2010 23:38;0;0
06-11-2010 23:39;0;0
06-11-2010 23:40;0;0
06-11-2010 23:41;0;0
06-11-2010 23:42;0;0
06-11-2010 23:43;0;0
06-11-2010 23:44;0;0
06-11-2010 23:45;0;0
06-11-2010 23:46;0;0
06-11-2010 23:47;0;0
06-11-2010 23:48;111;0
06-11-2010 23:49;0;0
06-11-2010 23:50;0;0
06-11-2010 23:51;0;0
06-11-2010 23:52;0;0
06-11-2010 23:53;0;0
06-11-2010 23:54;0;0
06-11-2010 23:55;0;0
06-11-2010 23:56;0;0
06-11-2010 23:57;0;0
06-11-2010 23:58;0;0
06-11-2010 23:59;0;0
06-12-2010 00:00;0;0
06-12-2010 00:01;0;0
06-12-2010 00:02;0;0
06-12-2010 00:03;0;0
06-12-2010 00:04;29;0
06-12-2010 00:05;3;0
06-12-2010 00:06;16;0
06-12-2010 00:07;0;0
06-12-2010 00:08;0;0
06-12-2010 00:09;0;0
06-12-2010 00:10;0;0
06-12-2010 00:11;0;0
06-12-2010 00:12;0;0
06-12-2010 00:13;0;0
06-12-2010 00:14;0;0
06-12-2010 00:15;0;0
06-12-2010 00:16;0;0
06-12-2010 00:17;0;0
06-12-2010 00:18;0;0
06-12-2010 00:19;182;0
06-12-2010 00:20;0;0
06-12-2010 00:21;0;0
06-12-2010 00:22;0;0
06-12-2010 00:23;0;0
06-12-2010 00:24;0;0
06-12-2010 00:25;0;0
06-12-2010 00:26;0;0
06-12-2010 00:27;0;0
06-12-2010 00:28;0;0
06-12-2010 00:29;0;0
06-12-2010 00:30;0;0
06-12-2010 00:31;0;0
06-12-2010 00:32;0;0
06-12-2010 00:33;0;0
06-12-2010 00:34;0;0
06-12-2010 00:35;0;0
06-12-2010 00:36;0;0
06-12-2010 00:37;195;0
06-12-2010 00:38;0;0
06-12-2010 00:39;0;0
06-12-2010 00:40;0;0
06-12-2010 00:41;0;0
06-12-2010 00:42;69;0
06-12-2010 00:43;0;0
06-12-2010 00:44;0;0
06-12-2010 00:45;0;0
06-12-2010 00:46;0;0
06-12-2010 00:47;0;0
06-12-2010 00:48;0;0
06-12-2010 00:49;0;0
06-12-2010 00:50;0;0
06-12-2010 00:51;0;0
06-12-2010 00:52;0;0
06-12-2010 00:53;0;0
06-12-2010 00:54;0;0
06-12-2010 00:55;0;0
06-12-2010 00:56;0;0
06-12-2010 00:57;0;0
06-12-2010 00:58;0;0
06-12-2010 00:59;0;0
06-12-2010 01:00;59;0
06-12-2010 01:01;0;0
06-12-2010 01:02;0;0
06-12-2010 01:03;0;0
06-12-2010 01:04;66;0
06-12-2010 01:05;0;0
06-12-2010 01:06;0;0
06-12-2010 01:07;0;0
06-12-2010 01:08;0;0
06-12-2010 01:09;0;0
06-12-2010 01:10;0;0
06-12-2010 01:11;0;0
06-12-2010 01:12;0;0
06-12-2010 01:13;0;0
06-12-2010 01:14;0;0
06-12-2010 01:15;0;0
06-12-2010 01:16;0;0
06-12-2010 01:17;0;0
06-12-2010 01:18;0;0
06-12-2010 01:19;0;0
06-12-2010 01:20;0;0
06-12-2010 01:21;0;0
06-12-2010 01:22;0;0
06-12-2010 01:23;0;0
06-12-2010 01:24;0;0
06-12-2010 01:25;0;0
06-12-2010 01:26;111;0
06-12-2010 01:27;0;0
06-12-2010 01:28;0;0
06-12-2010 01:29;36;0
06-12-2010 01:30;0;0
06-12-2010 01:31;152;0
06-12-2010 01:32;0;0
06-12-2010 01:33;0;0
06-12-2010 01:34;43;0
06-12-2010 01:35;0;0
06-12-2010 01:36;0;0
06-12-2010 01:37;0;0
06-12-2010 01:38;59;0
06-12-2010 01:39;0;0
06-12-2010 01:40;0;0
06-12-2010 01:41;0;0
06-12-2010 01:42;0;0
06-12-2010 01:43;21;0
06-12-2010 01:44;0;0
06-12-2010 01:45;0;0
06-12-2010 01:46;0;0
06-12-2010 01:47;0;0
06-12-2010 01:48;0;0
06-12-2010 01:49;0;0
06-12-2010 01:50;0;0
06-12-2010 01:51;0;0
06-12-2010 01:52;142;0
06-12-2010 01:53;0;0
06-12-2010 01:54;0;0
06-12-2010 01:55;0;0
06-12-2010 01:56;0;0
06-12-2010 01:57;0;0
06-12-2010 01:58;0;0
06-12-2010 01:59;0;0
06-12-2010 02:00;0;0
06-12-2010 02:01;0;0
06-12-2010 02:02;0;0
06-12-2010 02:03;0;0
06-12-2010 02:04;0;0
06-12-2010 02:05;0;0
06-12-2010 02:06;0;0
06-12-2010 02:07;0;0
06-12-2010 02:08;0;0
06-12-2010 02:09;0;0
06-12-2010 02:10;0;0
06-12-2010 02:11;0;0
06-12-2010 02:12;0;0
06-12-2010 02:13;0;0
06-12-2010 02:14;0;0
06-12-2010 02:15;0;0
06-12-2010 02:16;0;0
06-12-2010 02:17;0;0
06-12-2010 02:18;0;0
06-12-2010 02:19;0;0
06-12-2010 02:20;0;0
06-12-2010 02:21;0;0
06-12-2010 02:22;0;0
06-12-2010 02:23;0;0
06-12-2010 02:24;0;0
06-12-2010 02:25;0;0
06-12-2010 02:26;0;0
06-12-2010 02:27;9;0
06-12-2010 02:28;0;0
06-12-2010 02:29;0;0
06-12-2010 02:30;36;0
06-12-2010 02:31;0;0
06-12-2010 02:32;0;0
06-12-2010 02:33;0;0
06-12-2010 02:34;0;0
06-12-2010 02:35;0;0
06-12-2010 02:36;0;0
06-12-2010 02:37;0;0
06-12-2010 02:38;0;0
06-12-2010 02:39;0;0
06-12-2010 02:40;0;0
06-12-2010 02:41;3;0
06-12-2010 02:42;0;0
06-12-2010 02:43;0;0
06-12-2010 02:44;0;0
06-12-2010 02:45;14;0
06-12-2010 02:46;0;0
06-12-2010 02:47;0;0
06-12-2010 02:48;0;0
06-12-2010 02:49;0;0
06-12-2010 02:50;0;0
06-12-2010 02:51;0;0
06-12-2010 02:52;14;0
06-12-2010 02:53;0;0
06-12-2010 02:54;0;0
06-12-2010 02:55;0;0
06-12-2010 02:56;0;0
06-12-2010 02:57;0;0
06-12-2010 02:58;0;0
06-12-2010 02:59;0;0
06-12-2010 03:00;0;0
06-12-2010 03:01;0;0
06-12-2010 03:02;0;0
06-12-2010 03:03;17;0
06-12-2010 03:04;0;0
06-12-2010 03:05;202;0
06-12-2010 03:06;0;0
06-12-2010 03:07;0;0
06-12-2010 03:08;40;0
06-12-2010 03:09;0;0
06-12-2010 03:10;28;0
06-12-2010 03:11;249;0
06-12-2010 03:12;483;0
06-12-2010 03:13;567;0
06-12-2010 03:14;834;0
06-12-2010 03:15;168;0
06-12-2010 03:16;175;0
06-12-2010 03:17;0;0
06-12-2010 03:18;0;0
06-12-2010 03:19;0;0
06-12-2010 03:20;0;0
06-12-2010 03:21;28;0
06-12-2010 03:22;0;0
06-12-2010 03:23;0;0
06-12-2010 03:24;0;0
06-12-2010 03:25;0;0
06-12-2010 03:26;0;0
06-12-2010 03:27;0;0
06-12-2010 03:28;0;0
06-12-2010 03:29;0;0
06-12-2010 03:30;0;0
06-12-2010 03:31;0;0
06-12-2010 03:32;0;0
06-12-2010 03:33;0;0
06-12-2010 03:34;22;0
06-12-2010 03:35;0;0
06-12-2010 03:36;55;0
06-12-2010 03:37;157;0
06-12-2010 03:38;0;0
06-12-2010 03:39;0;0
06-12-2010 03:40;0;0
06-12-2010 03:41;294;0
06-12-2010 03:42;9;0
06-12-2010 03:43;22;0
06-12-2010 03:44;0;0
06-12-2010 03:45;0;0
06-12-2010 03:46;0;0
06-12-2010 03:47;0;0
06-12-2010 03:48;0;0
06-12-2010 03:49;29;0
06-12-2010 03:50;0;0
06-12-2010 03:51;0;0
06-12-2010 03:52;325;0
06-12-2010 03:53;0;0
06-12-2010 03:54;0;0
06-12-2010 03:55;0;0
06-12-2010 03:56;0;0
06-12-2010 03:57;0;0
06-12-2010 03:58;0;0
06-12-2010 03:59;0;0
06-12-2010 04:00;0;0
06-12-2010 04:01;0;0
06-12-2010 04:02;0;0
06-12-2010 04:03;0;0
06-12-2010 04:04;0;0
06-12-2010 04:05;0;0
06-12-2010 04:06;0;0
06-12-2010 04:07;0;0
06-12-2010 04:08;163;0
06-12-2010 04:09;0;0
06-12-2010 04:10;7;0
06-12-2010 04:11;0;0
06-12-2010 04:12;0;0
06-12-2010 04:13;0;0
06-12-2010 04:14;0;0
06-12-2010 04:15;0;0
06-12-2010 04:16;0;0
06-12-2010 04:17;0;0
06-12-2010 04:18;0;0
06-12-2010 04:19;0;0
06-12-2010 04:20;0;0
06-12-2010 04:21;0;0
06-12-2010 04:22;0;0
06-12-2010 04:23;0;0
06-12-2010 04:24;0;0
06-12-2010 04:25;0;0
06-12-2010 04:26;0;0
06-12-2010 04:27;62;0
06-12-2010 04:28;0;0
06-12-2010 04:29;0;0
06-12-2010 04:30;0;0
06-12-2010 04:31;0;0
06-12-2010 04:32;7;0
06-12-2010 04:33;0;0
06-12-2010 04:34;0;0
06-12-2010 04:35;0;0
06-12-2010 04:36;0;0
06-12-2010 04:37;0;0
06-12-2010 04:38;0;0
06-12-2010 04:39;0;0
06-12-2010 04:40;0;0
06-12-2010 04:41;0;0
06-12-2010 04:42;0;0
06-12-2010 04:43;0;0
06-12-2010 04:44;0;0
06-12-2010 04:45;0;0
06-12-2010 04:46;0;0
06-12-2010 04:47;0;0
06-12-2010 04:48;0;0
06-12-2010 04:49;0;0
06-12-2010 04:50;0;0
06-12-2010 04:51;0;0
06-12-2010 04:52;0;0
06-12-2010 04:53;0;0
06-12-2010 04:54;0;0
06-12-2010 04:55;0;0
06-12-2010 04:56;0;0
06-12-2010 04:57;0;0
06-12-2010 04:58;62;0
06-12-2010 04:59;0;0
06-12-2010 05:00;66;0
06-12-2010 05:01;0;0
06-12-2010 05:02;12;0
06-12-2010 05:03;0;0
06-12-2010 05:04;0;0
06-12-2010 05:05;14;0
06-12-2010 05:06;3;0
06-12-2010 05:07;0;0
06-12-2010 05:08;0;0
06-12-2010 05:09;0;0
06-12-2010 05:10;0;0
06-12-2010 05:11;0;0
06-12-2010 05:12;168;0
06-12-2010 05:13;0;0
06-12-2010 05:14;0;0
06-12-2010 05:15;0;0
06-12-2010 05:16;0;0
06-12-2010 05:17;0;0
06-12-2010 05:18;5;0
06-12-2010 05:19;0;0
06-12-2010 05:20;0;0
06-12-2010 05:21;0;0
06-12-2010 05:22;0;0
06-12-2010 05:23;0;0
06-12-2010 05:24;22;0
06-12-2010 05:25;0;0
06-12-2010 05:26;0;0
06-12-2010 05:27;0;0
06-12-2010 05:28;0;0
06-12-2010 05:29;0;0
06-12-2010 05:30;0;0
06-12-2010 05:31;0;0
06-12-2010 05:32;104;0
06-12-2010 05:33;0;0
06-12-2010 05:34;0;0
06-12-2010 05:35;0;0
06-12-2010 05:36;0;0
06-12-2010 05:37;0;0
06-12-2010 05:38;0;0
06-12-2010 05:39;0;0
06-12-2010 05:40;0;0
06-12-2010 05:41;0;0
06-12-2010 05:42;0;0
06-12-2010 05:43;0;0
06-12-2010 05:44;0;0
06-12-2010 05:45;0;0
06-12-2010 05:46;0;0
06-12-2010 05:47;0;0
06-12-2010 05:48;0;0
06-12-2010 05:49;0;0
06-12-2010 05:50;0;0
06-12-2010 05:51;0;0
06-12-2010 05:52;0;0
06-12-2010 05:53;0;0
06-12-2010 05:54;0;0
06-12-2010 05:55;0;0
06-12-2010 05:56;0;0
06-12-2010 05:57;0;0
06-12-2010 05:58;0;0
06-12-2010 05:59;0;0
06-12-2010 06:00;0;0
06-12-2010 06:01;0;0
06-12-2010 06:02;0;0
06-12-2010 06:03;0;0
06-12-2010 06:04;0;0
06-12-2010 06:05;0;0
06-12-2010 06:06;0;0
06-12-2010 06:07;0;0
06-12-2010 06:08;0;0
06-12-2010 06:09;0;0
06-12-2010 06:10;0;0
06-12-2010 06:11;0;0
06-12-2010 06:12;0;0
06-12-2010 06:13;0;0
06-12-2010 06:14;0;0
06-12-2010 06:15;0;0
06-12-2010 06:16;0;0
06-12-2010 06:17;38;0
06-12-2010 06:18;0;0
06-12-2010 06:19;0;0
06-12-2010 06:20;0;0
06-12-2010 06:21;0;0
06-12-2010 06:22;0;0
06-12-2010 06:23;0;0
06-12-2010 06:24;0;0
06-12-2010 06:25;0;0
06-12-2010 06:26;0;0
06-12-2010 06:27;0;0
06-12-2010 06:28;0;0
06-12-2010 06:29;0;0
06-12-2010 06:30;0;0
06-12-2010 06:31;10;0
06-12-2010 06:32;93;0
06-12-2010 06:33;0;0
06-12-2010 06:34;10;0
06-12-2010 06:35;3;0
06-12-2010 06:36;0;0
06-12-2010 06:37;0;0
06-12-2010 06:38;0;0
06-12-2010 06:39;3;0
06-12-2010 06:40;9;0
06-12-2010 06:41;0;0
06-12-2010 06:42;0;0
06-12-2010 06:43;0;0
06-12-2010 06:44;0;0
06-12-2010 06:45;0;0
06-12-2010 06:46;0;0
06-12-2010 06:47;21;0
06-12-2010 06:48;0;0
06-12-2010 06:49;0;0
06-12-2010 06:50;0;0
06-12-2010 06:51;0;0
06-12-2010 06:52;0;0
06-12-2010 06:53;0;0
06-12-2010 06:54;0;0
06-12-2010 06:55;0;0
06-12-2010 06:56;0;0
06-12-2010 06:57;0;0
06-12-2010 06:58;0;0
06-12-2010 06:59;498;0
06-12-2010 07:00;232;0
06-12-2010 07:01;38;0
06-12-2010 07:02;52;0
06-12-2010 07:03;0;0
06-12-2010 07:04;0;0
06-12-2010 07:05;0;0
06-12-2010 07:06;0;0
06-12-2010 07:07;0;0
06-12-2010 07:08;0;0
06-12-2010 07:09;19;0
06-12-2010 07:10;83;0
06-12-2010 07:11;0;0
06-12-2010 07:12;0;0
06-12-2010 07:13;0;0
06-12-2010 07:14;35;0
06-12-2010 07:15;0;0
06-12-2010 07:16;0;0
06-12-2010 07:17;97;0
06-12-2010 07:18;0;0
06-12-2010 07:19;55;0
06-12-2010 07:20;0;0
06-12-2010 07:21;0;0
06-12-2010 07:22;0;0
06-12-2010 07:23;48;0
06-12-2010 07:24;142;0
06-12-2010 07:25;688;0
06-12-2010 07:26;645;0
06-12-2010 07:27;249;0
06-12-2010 07:28;195;0
06-12-2010 07:29;348;0
06-12-2010 07:30;533;0
06-12-2010 07:31;168;0
06-12-2010 07:32;1076;0
06-12-2010 07:33;1147;1
06-12-2010 07:34;948;0
06-12-2010 07:35;782;0
06-12-2010 07:36;733;0
06-12-2010 07:37;711;0
06-12-2010 07:38;1386;1
06-12-2010 07:39;1221;1
06-12-2010 07:40;1010;0
06-12-2010 07:41;467;0
06-12-2010 07:42;550;0
06-12-2010 07:43;889;0
06-12-2010 07:44;1043;0
06-12-2010 07:45;69;0
06-12-2010 07:46;948;0
06-12-2010 07:47;918;0
06-12-2010 07:48;918;0
06-12-2010 07:49;424;0
06-12-2010 07:50;1010;0
06-12-2010 07:51;266;0
06-12-2010 07:52;808;0
06-12-2010 07:53;889;0
06-12-2010 07:54;1010;0
06-12-2010 07:55;586;0
06-12-2010 07:56;126;0
06-12-2010 07:57;533;0
06-12-2010 07:58;1301;1
06-12-2010 07:59;1898;1
06-12-2010 08:00;1221;1
06-12-2010 08:01;1475;1
06-12-2010 08:02;1621;1
06-12-2010 08:03;1571;1
06-12-2010 08:04;1571;1
06-12-2010 08:05;1782;1
06-12-2010 08:06;1571;1
06-12-2010 08:07;1726;1
06-12-2010 08:08;1522;1
06-12-2010 08:09;1430;1
06-12-2010 08:10;733;0
06-12-2010 08:11;645;0
06-12-2010 08:12;624;0
06-12-2010 08:13;498;0
06-12-2010 08:14;1621;1
06-12-2010 08:15;1301;1
06-12-2010 08:16;2150;1
06-12-2010 08:17;348;0
06-12-2010 08:18;284;0
06-12-2010 08:19;889;0
06-12-2010 08:20;157;0
06-12-2010 08:21;711;0
06-12-2010 08:22;498;0
06-12-2010 08:23;758;0
06-12-2010 08:24;1110;1
06-12-2010 08:25;1110;1
06-12-2010 08:26;948;0
06-12-2010 08:27;294;0
06-12-2010 08:28;111;0
06-12-2010 08:29;624;0
06-12-2010 08:30;73;0
06-12-2010 08:31;189;0
06-12-2010 08:32;104;0
06-12-2010 08:33;396;0
06-12-2010 08:34;336;0
06-12-2010 08:35;0;0
06-12-2010 08:36;0;0
06-12-2010 08:37;889;0
06-12-2010 08:38;137;0
06-12-2010 08:39;19;0
06-12-2010 08:40;97;0
06-12-2010 08:41;40;0
06-12-2010 08:42;758;0
06-12-2010 08:43;1221;1
06-12-2010 08:44;1010;0
06-12-2010 08:45;1673;1
06-12-2010 08:46;918;0
06-12-2010 08:47;688;0
06-12-2010 08:48;733;0
06-12-2010 08:49;861;0
06-12-2010 08:50;223;0
06-12-2010 08:51;249;0
06-12-2010 08:52;182;0
06-12-2010 08:53;733;0
06-12-2010 08:54;43;0
06-12-2010 08:55;410;0
06-12-2010 08:56;304;0
06-12-2010 08:57;275;0
06-12-2010 08:58;758;0
06-12-2010 08:59;1726;1
06-12-2010 09:00;1673;1
06-12-2010 09:01;1261;1
06-12-2010 09:02;2150;1
06-12-2010 09:03;2218;1
06-12-2010 09:04;2218;1
06-12-2010 09:05;1571;1
06-12-2010 09:06;1386;1
06-12-2010 09:07;1010;0
06-12-2010 09:08;2150;1
06-12-2010 09:09;2084;1
06-12-2010 09:10;1621;1
06-12-2010 09:11;1958;1
06-12-2010 09:12;2361;1
06-12-2010 09:13;1958;1
06-12-2010 09:14;2020;1
06-12-2010 09:15;2020;1
06-12-2010 09:16;1958;1
06-12-2010 09:17;2361;1
06-12-2010 09:18;1726;1
06-12-2010 09:19;1221;1
06-12-2010 09:20;889;0
06-12-2010 09:21;758;0
06-12-2010 09:22;733;0
06-12-2010 09:23;889;0
06-12-2010 09:24;1726;1
06-12-2010 09:25;1221;1
06-12-2010 09:26;1342;1
06-12-2010 09:27;808;0
06-12-2010 09:28;0;0
06-12-2010 09:29;0;0
06-12-2010 09:30;624;0
06-12-2010 09:31;550;0
06-12-2010 09:32;348;0
06-12-2010 09:33;90;0
06-12-2010 09:34;66;0
06-12-2010 09:35;336;0
06-12-2010 09:36;266;0
06-12-2010 09:37;69;0
06-12-2010 09:38;21;0
06-12-2010 09:39;605;0
06-12-2010 09:40;624;0
06-12-2010 09:41;918;0
06-12-2010 09:42;0;0
06-12-2010 09:43;147;0
06-12-2010 09:44;62;0
06-12-2010 09:45;76;0
06-12-2010 09:46;0;0
06-12-2010 09:47;0;0
06-12-2010 09:48;0;0
06-12-2010 09:49;0;0
06-12-2010 09:50;0;0
06-12-2010 09:51;0;0
06-12-2010 09:52;0;0
06-12-2010 09:53;0;0
06-12-2010 09:54;0;0
06-12-2010 09:55;0;0
06-12-2010 09:56;0;0
06-12-2010 09:57;0;0
06-12-2010 09:58;0;0
06-12-2010 09:59;0;0
06-12-2010 10:00;0;0
06-12-2010 10:01;0;0
06-12-2010 10:02;0;0
06-12-2010 10:03;0;0
06-12-2010 10:04;0;0
06-12-2010 10:05;0;0
06-12-2010 10:06;0;0
06-12-2010 10:07;0;0
06-12-2010 10:08;0;0
06-12-2010 10:09;0;0
06-12-2010 10:10;0;0
06-12-2010 10:11;0;0
06-12-2010 10:12;3;0
06-12-2010 10:13;0;0
06-12-2010 10:14;0;0
06-12-2010 10:15;0;0
06-12-2010 10:16;0;0
06-12-2010 10:17;0;0
06-12-2010 10:18;0;0
06-12-2010 10:19;0;0
06-12-2010 10:20;0;0
06-12-2010 10:21;0;0
06-12-2010 10:22;0;0
06-12-2010 10:23;0;0
06-12-2010 10:24;0;0
06-12-2010 10:25;0;0
06-12-2010 10:26;0;0
06-12-2010 10:27;0;0
06-12-2010 10:28;0;0
06-12-2010 10:29;0;0
06-12-2010 10:30;0;0
06-12-2010 10:31;0;0
06-12-2010 10:32;0;0
06-12-2010 10:33;0;0
06-12-2010 10:34;0;0
06-12-2010 10:35;0;0
06-12-2010 10:36;0;0
06-12-2010 10:37;0;0
06-12-2010 10:38;0;0
06-12-2010 10:39;0;0
06-12-2010 10:40;0;0
06-12-2010 10:41;0;0
06-12-2010 10:42;0;0
06-12-2010 10:43;0;0
06-12-2010 10:44;0;0
06-12-2010 10:45;0;0
06-12-2010 10:46;168;0
06-12-2010 10:47;0;0
06-12-2010 10:48;0;0
06-12-2010 10:49;0;0
06-12-2010 10:50;0;0
06-12-2010 10:51;0;0
06-12-2010 10:52;0;0
06-12-2010 10:53;0;0
06-12-2010 10:54;0;0
06-12-2010 10:55;0;0
06-12-2010 10:56;7;0
06-12-2010 10:57;0;0
06-12-2010 10:58;0;0
06-12-2010 10:59;0;0
06-12-2010 11:00;0;0
06-12-2010 11:01;0;0
06-12-2010 11:02;0;0
06-12-2010 11:03;0;0
06-12-2010 11:04;0;0
06-12-2010 11:05;0;0
06-12-2010 11:06;0;0
06-12-2010 11:07;0;0
06-12-2010 11:08;0;0
06-12-2010 11:09;0;0
06-12-2010 11:10;0;0
06-12-2010 11:11;0;0
06-12-2010 11:12;0;0
06-12-2010 11:13;0;0
06-12-2010 11:14;0;0
06-12-2010 11:15;0;0
06-12-2010 11:16;0;0
06-12-2010 11:17;0;0
06-12-2010 11:18;0;0
06-12-2010 11:19;0;0
06-12-2010 11:20;0;0
06-12-2010 11:21;0;0
06-12-2010 11:22;0;0
06-12-2010 11:23;0;0
06-12-2010 11:24;0;0
06-12-2010 11:25;0;0
06-12-2010 11:26;0;0
06-12-2010 11:27;0;0
06-12-2010 11:28;0;0
06-12-2010 11:29;0;0
06-12-2010 11:30;3;0
06-12-2010 11:31;0;0
06-12-2010 11:32;0;0
06-12-2010 11:33;0;0
06-12-2010 11:34;0;0
06-12-2010 11:35;0;0
06-12-2010 11:36;0;0
06-12-2010 11:37;0;0
06-12-2010 11:38;0;0
06-12-2010 11:39;0;0
06-12-2010 11:40;0;0
06-12-2010 11:41;0;0
06-12-2010 11:42;0;0
06-12-2010 11:43;62;0
06-12-2010 11:44;0;0
06-12-2010 11:45;73;0
06-12-2010 11:46;0;0
06-12-2010 11:47;0;0
06-12-2010 11:48;0;0
06-12-2010 11:49;0;0
06-12-2010 11:50;0;0
06-12-2010 11:51;182;0
06-12-2010 11:52;0;0
06-12-2010 11:53;21;0
06-12-2010 11:54;0;0
06-12-2010 11:55;3;0
06-12-2010 11:56;0;0
06-12-2010 11:57;195;0
06-12-2010 11:58;396;0
06-12-2010 11:59;711;0
06-12-2010 12:00;451;0
06-12-2010 12:01;111;0
06-12-2010 12:02;372;0
06-12-2010 12:03;372;0
06-12-2010 12:04;624;0
06-12-2010 12:05;396;0
06-12-2010 12:06;645;0
06-12-2010 12:07;195;0
06-12-2010 12:08;131;0
06-12-2010 12:09;284;0
06-12-2010 12:10;43;0
06-12-2010 12:11;21;0
06-12-2010 12:12;0;0
06-12-2010 12:13;209;0
06-12-2010 12:14;29;0
06-12-2010 12:15;275;0
06-12-2010 12:16;90;0
06-12-2010 12:17;21;0
06-12-2010 12:18;17;0
06-12-2010 12:19;35;0
06-12-2010 12:20;80;0
06-12-2010 12:21;0;0
06-12-2010 12:22;0;0
06-12-2010 12:23;147;0
06-12-2010 12:24;33;0
06-12-2010 12:25;100;0
06-12-2010 12:26;5;0
06-12-2010 12:27;31;0
06-12-2010 12:28;19;0
06-12-2010 12:29;137;0
06-12-2010 12:30;86;0
06-12-2010 12:31;0;0
06-12-2010 12:32;22;0
06-12-2010 12:33;17;0
06-12-2010 12:34;3;0
06-12-2010 12:35;182;0
06-12-2010 12:36;808;0
06-12-2010 12:37;834;0
06-12-2010 12:38;688;0
06-12-2010 12:39;979;0
06-12-2010 12:40;1221;1
06-12-2010 12:41;918;0
06-12-2010 12:42;498;0
06-12-2010 12:43;645;0
06-12-2010 12:44;808;0
06-12-2010 12:45;567;0
06-12-2010 12:46;1147;1
06-12-2010 12:47;834;0
06-12-2010 12:48;1147;1
06-12-2010 12:49;1571;1
06-12-2010 12:50;808;0
06-12-2010 12:51;711;0
06-12-2010 12:52;624;0
06-12-2010 12:53;550;0
06-12-2010 12:54;666;0
06-12-2010 12:55;624;0
06-12-2010 12:56;533;0
06-12-2010 12:57;624;0
06-12-2010 12:58;979;0
06-12-2010 12:59;1010;0
06-12-2010 13:00;1261;1
06-12-2010 13:01;396;0
06-12-2010 13:02;550;0
06-12-2010 13:03;782;0
06-12-2010 13:04;550;0
06-12-2010 13:05;515;0
06-12-2010 13:06;93;0
06-12-2010 13:07;223;0
06-12-2010 13:08;372;0
06-12-2010 13:09;483;0
06-12-2010 13:10;55;0
06-12-2010 13:11;5;0
06-12-2010 13:12;3;0
06-12-2010 13:13;0;0
06-12-2010 13:14;0;0
06-12-2010 13:15;348;0
06-12-2010 13:16;1076;0
06-12-2010 13:17;758;0
06-12-2010 13:18;294;0
06-12-2010 13:19;240;0
06-12-2010 13:20;586;0
06-12-2010 13:21;100;0
06-12-2010 13:22;131;0
06-12-2010 13:23;0;0
06-12-2010 13:24;410;0
06-12-2010 13:25;195;0
06-12-2010 13:26;168;0
06-12-2010 13:27;9;0
06-12-2010 13:28;195;0
06-12-2010 13:29;515;0
06-12-2010 13:30;80;0
06-12-2010 13:31;100;0
06-12-2010 13:32;43;0
06-12-2010 13:33;33;0
06-12-2010 13:34;232;0
06-12-2010 13:35;26;0
06-12-2010 13:36;100;0
06-12-2010 13:37;43;0
06-12-2010 13:38;137;0
06-12-2010 13:39;175;0
06-12-2010 13:40;0;0
06-12-2010 13:41;209;0
06-12-2010 13:42;69;0
06-12-2010 13:43;0;0
06-12-2010 13:44;131;0
06-12-2010 13:45;0;0
06-12-2010 13:46;73;0
06-12-2010 13:47;31;0
06-12-2010 13:48;62;0
06-12-2010 13:49;116;0
06-12-2010 13:50;168;0
06-12-2010 13:51;47;0
06-12-2010 13:52;66;0
06-12-2010 13:53;202;0
06-12-2010 13:54;223;0
06-12-2010 13:55;163;0
06-12-2010 13:56;223;0
06-12-2010 13:57;126;0
06-12-2010 13:58;80;0
06-12-2010 13:59;348;0
06-12-2010 14:00;137;0
06-12-2010 14:01;97;0
06-12-2010 14:02;21;0
06-12-2010 14:03;16;0
06-12-2010 14:04;209;0
06-12-2010 14:05;116;0
06-12-2010 14:06;163;0
06-12-2010 14:07;0;0
06-12-2010 14:08;232;0
06-12-2010 14:09;69;0
06-12-2010 14:10;5;0
06-12-2010 14:11;5;0
06-12-2010 14:12;182;0
06-12-2010 14:13;666;0
06-12-2010 14:14;688;0
06-12-2010 14:15;1010;0
06-12-2010 14:16;240;0
06-12-2010 14:17;711;0
06-12-2010 14:18;266;0
06-12-2010 14:19;62;0
06-12-2010 14:20;83;0
06-12-2010 14:21;232;0
06-12-2010 14:22;137;0
06-12-2010 14:23;157;0
06-12-2010 14:24;22;0
06-12-2010 14:25;0;0
06-12-2010 14:26;0;0
06-12-2010 14:27;0;0
06-12-2010 14:28;0;0
06-12-2010 14:29;0;0
06-12-2010 14:30;0;0
06-12-2010 14:31;0;0
06-12-2010 14:32;0;0
06-12-2010 14:33;0;0
06-12-2010 14:34;0;0
06-12-2010 14:35;19;0
06-12-2010 14:36;0;0
06-12-2010 14:37;0;0
06-12-2010 14:38;0;0
06-12-2010 14:39;0;0
06-12-2010 14:40;0;0
06-12-2010 14:41;0;0
06-12-2010 14:42;0;0
06-12-2010 14:43;0;0
06-12-2010 14:44;0;0
06-12-2010 14:45;0;0
06-12-2010 14:46;0;0
06-12-2010 14:47;0;0
06-12-2010 14:48;0;0
06-12-2010 14:49;0;0
06-12-2010 14:50;0;0
06-12-2010 14:51;0;0
06-12-2010 14:52;0;0
06-12-2010 14:53;0;0
06-12-2010 14:54;0;0
06-12-2010 14:55;0;0
06-12-2010 14:56;0;0
06-12-2010 14:57;0;0
06-12-2010 14:58;0;0
06-12-2010 14:59;0;0
06-12-2010 15:00;0;0
06-12-2010 15:01;0;0
06-12-2010 15:02;0;0
06-12-2010 15:03;0;0
06-12-2010 15:04;0;0
06-12-2010 15:05;0;0
06-12-2010 15:06;0;0
06-12-2010 15:07;0;0
06-12-2010 15:08;0;0
06-12-2010 15:09;0;0
06-12-2010 15:10;0;0
06-12-2010 15:11;0;0
06-12-2010 15:12;0;0
06-12-2010 15:13;0;0
06-12-2010 15:14;0;0
06-12-2010 15:15;410;0
06-12-2010 15:16;0;0
06-12-2010 15:17;0;0
06-12-2010 15:18;498;0
06-12-2010 15:19;0;0
06-12-2010 15:20;0;0
06-12-2010 15:21;59;0
06-12-2010 15:22;0;0
06-12-2010 15:23;0;0
06-12-2010 15:24;0;0
06-12-2010 15:25;0;0
06-12-2010 15:26;17;0
06-12-2010 15:27;0;0
06-12-2010 15:28;348;0
06-12-2010 15:29;336;0
06-12-2010 15:30;93;0
06-12-2010 15:31;40;0
06-12-2010 15:32;59;0
06-12-2010 15:33;42;0
06-12-2010 15:34;50;0
06-12-2010 15:35;24;0
06-12-2010 15:36;62;0
06-12-2010 15:37;21;0
06-12-2010 15:38;24;0
06-12-2010 15:39;232;0
06-12-2010 15:40;372;0
06-12-2010 15:41;979;0
06-12-2010 15:42;336;0
06-12-2010 15:43;304;0
06-12-2010 15:44;645;0
06-12-2010 15:45;59;0
06-12-2010 15:46;9;0
06-12-2010 15:47;325;0
06-12-2010 15:48;266;0
06-12-2010 15:49;131;0
06-12-2010 15:50;93;0
06-12-2010 15:51;93;0
06-12-2010 15:52;104;0
06-12-2010 15:53;31;0
06-12-2010 15:54;0;0
06-12-2010 15:55;275;0
06-12-2010 15:56;80;0
06-12-2010 15:57;116;0
06-12-2010 15:58;808;0
06-12-2010 15:59;533;0
06-12-2010 16:00;168;0
06-12-2010 16:01;97;0
06-12-2010 16:02;86;0
06-12-2010 16:03;384;0
06-12-2010 16:04;223;0
06-12-2010 16:05;533;0
06-12-2010 16:06;1110;1
06-12-2010 16:07;1221;1
06-12-2010 16:08;1571;1
06-12-2010 16:09;1430;1
06-12-2010 16:10;1043;0
06-12-2010 16:11;258;0
06-12-2010 16:12;424;0
06-12-2010 16:13;515;0
06-12-2010 16:14;948;0
06-12-2010 16:15;861;0
06-12-2010 16:16;808;0
06-12-2010 16:17;451;0
06-12-2010 16:18;918;0
06-12-2010 16:19;451;0
06-12-2010 16:20;550;0
06-12-2010 16:21;645;0
06-12-2010 16:22;1147;1
06-12-2010 16:23;733;0
06-12-2010 16:24;782;0
06-12-2010 16:25;834;0
06-12-2010 16:26;1221;1
06-12-2010 16:27;1430;1
06-12-2010 16:28;384;0
06-12-2010 16:29;808;0
06-12-2010 16:30;515;0
06-12-2010 16:31;1782;1
06-12-2010 16:32;1782;1
06-12-2010 16:33;948;0
06-12-2010 16:34;1043;0
06-12-2010 16:35;808;0
06-12-2010 16:36;567;0
06-12-2010 16:37;1043;0
06-12-2010 16:38;1301;1
06-12-2010 16:39;1183;1
06-12-2010 16:40;1043;0
06-12-2010 16:41;2020;1
06-12-2010 16:42;1147;1
06-12-2010 16:43;711;0
06-12-2010 16:44;624;0
06-12-2010 16:45;666;0
06-12-2010 16:46;861;0
06-12-2010 16:47;918;0
06-12-2010 16:48;1261;1
06-12-2010 16:49;948;0
06-12-2010 16:50;1839;1
06-12-2010 16:51;1301;1
06-12-2010 16:52;360;0
06-12-2010 16:53;384;0
06-12-2010 16:54;360;0
06-12-2010 16:55;348;0
06-12-2010 16:56;624;0
06-12-2010 16:57;467;0
06-12-2010 16:58;861;0
06-12-2010 16:59;586;0
06-12-2010 17:00;451;0
06-12-2010 17:01;666;0
06-12-2010 17:02;1043;0
06-12-2010 17:03;567;0
06-12-2010 17:04;0;0
06-12-2010 17:05;0;0
06-12-2010 17:06;0;0
06-12-2010 17:07;0;0
06-12-2010 17:08;808;0
06-12-2010 17:09;0;0
06-12-2010 17:10;0;0
06-12-2010 17:11;0;0
06-12-2010 17:12;0;0
06-12-2010 17:13;0;0
06-12-2010 17:14;0;0
06-12-2010 17:15;0;0
06-12-2010 17:16;0;0
06-12-2010 17:17;0;0
06-12-2010 17:18;0;0
06-12-2010 17:19;121;0
06-12-2010 17:20;0;0
06-12-2010 17:21;0;0
06-12-2010 17:22;0;0
06-12-2010 17:23;0;0
06-12-2010 17:24;0;0
06-12-2010 17:25;0;0
06-12-2010 17:26;0;0
06-12-2010 17:27;979;0
06-12-2010 17:28;1726;1
06-12-2010 17:29;586;0
06-12-2010 17:30;304;0
06-12-2010 17:31;645;0
06-12-2010 17:32;834;0
06-12-2010 17:33;808;0
06-12-2010 17:34;483;0
06-12-2010 17:35;1183;1
06-12-2010 17:36;758;0
06-12-2010 17:37;1043;0
06-12-2010 17:38;808;0
06-12-2010 17:39;782;0
06-12-2010 17:40;116;0
06-12-2010 17:41;73;0
06-12-2010 17:42;624;0
06-12-2010 17:43;1010;0
06-12-2010 17:44;1221;1
06-12-2010 17:45;1076;0
06-12-2010 17:46;1430;1
06-12-2010 17:47;861;0
06-12-2010 17:48;918;0
06-12-2010 17:49;918;0
06-12-2010 17:50;1010;0
06-12-2010 17:51;948;0
06-12-2010 17:52;1010;0
06-12-2010 17:53;758;0
06-12-2010 17:54;498;0
06-12-2010 17:55;325;0
06-12-2010 17:56;240;0
06-12-2010 17:57;315;0
06-12-2010 17:58;294;0
06-12-2010 17:59;209;0
06-12-2010 18:00;126;0
06-12-2010 18:01;73;0
06-12-2010 18:02;0;0
06-12-2010 18:03;111;0
06-12-2010 18:04;76;0
06-12-2010 18:05;0;0
06-12-2010 18:06;5;0
06-12-2010 18:07;10;0
06-12-2010 18:08;5;0
06-12-2010 18:09;35;0
06-12-2010 18:10;66;0
06-12-2010 18:11;152;0
06-12-2010 18:12;55;0
06-12-2010 18:13;24;0
06-12-2010 18:14;48;0
06-12-2010 18:15;107;0
06-12-2010 18:16;782;0
06-12-2010 18:17;758;0
06-12-2010 18:18;586;0
06-12-2010 18:19;624;0
06-12-2010 18:20;1076;0
06-12-2010 18:21;605;0
06-12-2010 18:22;948;0
06-12-2010 18:23;979;0
06-12-2010 18:24;424;0
06-12-2010 18:25;782;0
06-12-2010 18:26;550;0
06-12-2010 18:27;515;0
06-12-2010 18:28;533;0
06-12-2010 18:29;645;0
06-12-2010 18:30;240;0
06-12-2010 18:31;195;0
06-12-2010 18:32;189;0
06-12-2010 18:33;62;0
06-12-2010 18:34;223;0
06-12-2010 18:35;733;0
06-12-2010 18:36;104;0
06-12-2010 18:37;16;0
06-12-2010 18:38;26;0
06-12-2010 18:39;97;0
06-12-2010 18:40;0;0
06-12-2010 18:41;62;0
06-12-2010 18:42;0;0
06-12-2010 18:43;43;0
06-12-2010 18:44;0;0
06-12-2010 18:45;0;0
06-12-2010 18:46;0;0
06-12-2010 18:47;0;0
06-12-2010 18:48;0;0
06-12-2010 18:49;168;0
06-12-2010 18:50;137;0
06-12-2010 18:51;93;0
06-12-2010 18:52;28;0
06-12-2010 18:53;157;0
06-12-2010 18:54;19;0
06-12-2010 18:55;0;0
06-12-2010 18:56;0;0
06-12-2010 18:57;22;0
06-12-2010 18:58;0;0
06-12-2010 18:59;0;0
06-12-2010 19:00;0;0
06-12-2010 19:01;202;0
06-12-2010 19:02;0;0
06-12-2010 19:03;0;0
06-12-2010 19:04;0;0
06-12-2010 19:05;0;0
06-12-2010 19:06;0;0
06-12-2010 19:07;0;0
06-12-2010 19:08;0;0
06-12-2010 19:09;0;0
06-12-2010 19:10;107;0
06-12-2010 19:11;0;0
06-12-2010 19:12;0;0
06-12-2010 19:13;0;0
06-12-2010 19:14;0;0
06-12-2010 19:15;0;0
06-12-2010 19:16;3;0
06-12-2010 19:17;0;0
06-12-2010 19:18;0;0
06-12-2010 19:19;36;0
06-12-2010 19:20;5;0
06-12-2010 19:21;0;0
06-12-2010 19:22;86;0
06-12-2010 19:23;83;0
06-12-2010 19:24;66;0
06-12-2010 19:25;52;0
06-12-2010 19:26;62;0
06-12-2010 19:27;93;0
06-12-2010 19:28;209;0
06-12-2010 19:29;0;0
06-12-2010 19:30;0;0
06-12-2010 19:31;0;0
06-12-2010 19:32;0;0
06-12-2010 19:33;0;0
06-12-2010 19:34;0;0
06-12-2010 19:35;0;0
06-12-2010 19:36;0;0
06-12-2010 19:37;104;0
06-12-2010 19:38;0;0
06-12-2010 19:39;0;0
06-12-2010 19:40;0;0
06-12-2010 19:41;0;0
06-12-2010 19:42;0;0
06-12-2010 19:43;0;0
06-12-2010 19:44;0;0
06-12-2010 19:45;0;0
06-12-2010 19:46;0;0
06-12-2010 19:47;0;0
06-12-2010 19:48;0;0
06-12-2010 19:49;0;0
06-12-2010 19:50;0;0
06-12-2010 19:51;0;0
06-12-2010 19:52;0;0
06-12-2010 19:53;90;0
06-12-2010 19:54;0;0
06-12-2010 19:55;0;0
06-12-2010 19:56;0;0
06-12-2010 19:57;0;0
06-12-2010 19:58;0;0
06-12-2010 19:59;0;0
06-12-2010 20:00;93;0
06-12-2010 20:01;0;0
06-12-2010 20:02;0;0
06-12-2010 20:03;0;0
06-12-2010 20:04;0;0
06-12-2010 20:05;0;0
06-12-2010 20:06;0;0
06-12-2010 20:07;0;0
06-12-2010 20:08;104;0
06-12-2010 20:09;0;0
06-12-2010 20:10;0;0
06-12-2010 20:11;0;0
06-12-2010 20:12;0;0
06-12-2010 20:13;0;0
06-12-2010 20:14;59;0
06-12-2010 20:15;0;0
06-12-2010 20:16;0;0
06-12-2010 20:17;0;0
06-12-2010 20:18;0;0
06-12-2010 20:19;0;0
06-12-2010 20:20;0;0
06-12-2010 20:21;0;0
06-12-2010 20:22;0;0
06-12-2010 20:23;0;0
06-12-2010 20:24;0;0
06-12-2010 20:25;0;0
06-12-2010 20:26;0;0
06-12-2010 20:27;3;0
06-12-2010 20:28;33;0
06-12-2010 20:29;12;0
06-12-2010 20:30;0;0
06-12-2010 20:31;0;0
06-12-2010 20:32;0;0
06-12-2010 20:33;47;0
06-12-2010 20:34;0;0
06-12-2010 20:35;0;0
06-12-2010 20:36;0;0
06-12-2010 20:37;0;0
06-12-2010 20:38;0;0
06-12-2010 20:39;0;0
06-12-2010 20:40;0;0
06-12-2010 20:41;0;0
06-12-2010 20:42;0;0
06-12-2010 20:43;0;0
06-12-2010 20:44;0;0
06-12-2010 20:45;0;0
06-12-2010 20:46;66;0
06-12-2010 20:47;0;0
06-12-2010 20:48;0;0
06-12-2010 20:49;0;0
06-12-2010 20:50;0;0
06-12-2010 20:51;0;0
06-12-2010 20:52;0;0
06-12-2010 20:53;0;0
06-12-2010 20:54;0;0
06-12-2010 20:55;0;0
06-12-2010 20:56;384;0
06-12-2010 20:57;348;0
06-12-2010 20:58;304;0
06-12-2010 20:59;304;0
06-12-2010 21:00;410;0
06-12-2010 21:01;424;0
06-12-2010 21:02;605;0
06-12-2010 21:03;396;0
06-12-2010 21:04;498;0
06-12-2010 21:05;688;0
06-12-2010 21:06;483;0
06-12-2010 21:07;808;0
06-12-2010 21:08;861;0
06-12-2010 21:09;1110;1
06-12-2010 21:10;834;0
06-12-2010 21:11;438;0
06-12-2010 21:12;451;0
06-12-2010 21:13;384;0
06-12-2010 21:14;294;0
06-12-2010 21:15;258;0
06-12-2010 21:16;396;0
06-12-2010 21:17;666;0
06-12-2010 21:18;438;0
06-12-2010 21:19;142;0
06-12-2010 21:20;550;0
06-12-2010 21:21;304;0
06-12-2010 21:22;157;0
06-12-2010 21:23;451;0
06-12-2010 21:24;808;0
06-12-2010 21:25;624;0
06-12-2010 21:26;348;0
06-12-2010 21:27;372;0
06-12-2010 21:28;157;0
06-12-2010 21:29;258;0
06-12-2010 21:30;550;0
06-12-2010 21:31;438;0
06-12-2010 21:32;483;0
06-12-2010 21:33;533;0
06-12-2010 21:34;348;0
06-12-2010 21:35;48;0
06-12-2010 21:36;325;0
06-12-2010 21:37;209;0
06-12-2010 21:38;567;0
06-12-2010 21:39;284;0
06-12-2010 21:40;202;0
06-12-2010 21:41;7;0
06-12-2010 21:42;142;0
06-12-2010 21:43;216;0
06-12-2010 21:44;28;0
06-12-2010 21:45;157;0
06-12-2010 21:46;19;0
06-12-2010 21:47;10;0
06-12-2010 21:48;54;0
06-12-2010 21:49;515;0
06-12-2010 21:50;223;0
06-12-2010 21:51;62;0
06-12-2010 21:52;69;0
06-12-2010 21:53;216;0
06-12-2010 21:54;216;0
06-12-2010 21:55;126;0
06-12-2010 21:56;147;0
06-12-2010 21:57;175;0
06-12-2010 21:58;232;0
06-12-2010 21:59;107;0
06-12-2010 22:00;3;0
06-12-2010 22:01;189;0
06-12-2010 22:02;131;0
06-12-2010 22:03;467;0
06-12-2010 22:04;157;0
06-12-2010 22:05;182;0
06-12-2010 22:06;216;0
06-12-2010 22:07;325;0
06-12-2010 22:08;157;0
06-12-2010 22:09;69;0
06-12-2010 22:10;80;0
06-12-2010 22:11;498;0
06-12-2010 22:12;157;0
06-12-2010 22:13;1183;1
06-12-2010 22:14;111;0
06-12-2010 22:15;52;0
06-12-2010 22:16;240;0
06-12-2010 22:17;195;0
06-12-2010 22:18;168;0
06-12-2010 22:19;175;0
06-12-2010 22:20;152;0
06-12-2010 22:21;147;0
06-12-2010 22:22;424;0
06-12-2010 22:23;147;0
06-12-2010 22:24;258;0
06-12-2010 22:25;0;0
06-12-2010 22:26;38;0
06-12-2010 22:27;90;0
06-12-2010 22:28;483;0
06-12-2010 22:29;26;0
06-12-2010 22:30;168;0
06-12-2010 22:31;107;0
06-12-2010 22:32;0;0
06-12-2010 22:33;0;0
06-12-2010 22:34;168;0
06-12-2010 22:35;438;0
06-12-2010 22:36;168;0
06-12-2010 22:37;104;0
06-12-2010 22:38;336;0
06-12-2010 22:39;0;0
06-12-2010 22:40;111;0
06-12-2010 22:41;126;0
06-12-2010 22:42;258;0
06-12-2010 22:43;467;0
06-12-2010 22:44;142;0
06-12-2010 22:45;209;0
06-12-2010 22:46;396;0
06-12-2010 22:47;304;0
06-12-2010 22:48;66;0
06-12-2010 22:49;336;0
06-12-2010 22:50;348;0
06-12-2010 22:51;325;0
06-12-2010 22:52;483;0
06-12-2010 22:53;304;0
06-12-2010 22:54;467;0
06-12-2010 22:55;758;0
06-12-2010 22:56;451;0
06-12-2010 22:57;384;0
06-12-2010 22:58;861;0
06-12-2010 22:59;711;0
06-12-2010 23:00;62;0
06-12-2010 23:01;275;0
06-12-2010 23:02;325;0
06-12-2010 23:03;14;0
06-12-2010 23:04;93;0
06-12-2010 23:05;131;0
06-12-2010 23:06;168;0
06-12-2010 23:07;467;0
06-12-2010 23:08;116;0
06-12-2010 23:09;0;0
06-12-2010 23:10;0;0
06-12-2010 23:11;0;0
06-12-2010 23:12;0;0
06-12-2010 23:13;424;0
06-12-2010 23:14;28;0
06-12-2010 23:15;0;0
06-12-2010 23:16;275;0
06-12-2010 23:17;360;0
06-12-2010 23:18;567;0
06-12-2010 23:19;304;0
06-12-2010 23:20;26;0
06-12-2010 23:21;54;0
06-12-2010 23:22;14;0
06-12-2010 23:23;483;0
06-12-2010 23:24;111;0
06-12-2010 23:25;189;0
06-12-2010 23:26;666;0
06-12-2010 23:27;216;0
06-12-2010 23:28;157;0
06-12-2010 23:29;121;0
06-12-2010 23:30;80;0
06-12-2010 23:31;550;0
06-12-2010 23:32;979;0
06-12-2010 23:33;758;0
06-12-2010 23:34;372;0
06-12-2010 23:35;438;0
06-12-2010 23:36;1147;1
06-12-2010 23:37;1110;1
06-12-2010 23:38;315;0
06-12-2010 23:39;232;0
06-12-2010 23:40;189;0
06-12-2010 23:41;142;0
06-12-2010 23:42;116;0
06-12-2010 23:43;14;0
06-12-2010 23:44;90;0
06-12-2010 23:45;336;0
06-12-2010 23:46;467;0
06-12-2010 23:47;889;0
06-12-2010 23:48;1221;1
06-12-2010 23:49;948;0
06-12-2010 23:50;1522;1
06-12-2010 23:51;688;0
06-12-2010 23:52;1043;0
06-12-2010 23:53;240;0
06-12-2010 23:54;66;0
06-12-2010 23:55;152;0
06-12-2010 23:56;100;0
06-12-2010 23:57;121;0
06-12-2010 23:58;249;0
06-12-2010 23:59;131;0
06-13-2010 00:00;147;0
06-13-2010 00:01;182;0
06-13-2010 00:02;483;0
06-13-2010 00:03;758;0
06-13-2010 00:04;1043;0
06-13-2010 00:05;1221;1
06-13-2010 00:06;223;0
06-13-2010 00:07;59;0
06-13-2010 00:08;0;0
06-13-2010 00:09;0;0
06-13-2010 00:10;0;0
06-13-2010 00:11;28;0
06-13-2010 00:12;16;0
06-13-2010 00:13;3;0
06-13-2010 00:14;0;0
06-13-2010 00:15;0;0
06-13-2010 00:16;0;0
06-13-2010 00:17;0;0
06-13-2010 00:18;0;0
06-13-2010 00:19;0;0
06-13-2010 00:20;0;0
06-13-2010 00:21;0;0
06-13-2010 00:22;38;0
06-13-2010 00:23;0;0
06-13-2010 00:24;19;0
06-13-2010 00:25;249;0
06-13-2010 00:26;0;0
06-13-2010 00:27;7;0
06-13-2010 00:28;0;0
06-13-2010 00:29;0;0
06-13-2010 00:30;0;0
06-13-2010 00:31;97;0
06-13-2010 00:32;0;0
06-13-2010 00:33;0;0
06-13-2010 00:34;0;0
06-13-2010 00:35;0;0
06-13-2010 00:36;0;0
06-13-2010 00:37;0;0
06-13-2010 00:38;0;0
06-13-2010 00:39;0;0
06-13-2010 00:40;0;0
06-13-2010 00:41;0;0
06-13-2010 00:42;0;0
06-13-2010 00:43;0;0
06-13-2010 00:44;0;0
06-13-2010 00:45;0;0
06-13-2010 00:46;0;0
06-13-2010 00:47;0;0
06-13-2010 00:48;0;0
06-13-2010 00:49;0;0
06-13-2010 00:50;0;0
06-13-2010 00:51;0;0
06-13-2010 00:52;0;0
06-13-2010 00:53;0;0
06-13-2010 00:54;0;0
06-13-2010 00:55;0;0
06-13-2010 00:56;0;0
06-13-2010 00:57;0;0
06-13-2010 00:58;0;0
06-13-2010 00:59;0;0
06-13-2010 01:00;0;0
06-13-2010 01:01;0;0
06-13-2010 01:02;0;0
06-13-2010 01:03;0;0
06-13-2010 01:04;0;0
06-13-2010 01:05;0;0
06-13-2010 01:06;0;0
06-13-2010 01:07;0;0
06-13-2010 01:08;0;0
06-13-2010 01:09;0;0
06-13-2010 01:10;0;0
06-13-2010 01:11;0;0
06-13-2010 01:12;0;0
06-13-2010 01:13;0;0
06-13-2010 01:14;0;0
06-13-2010 01:15;0;0
06-13-2010 01:16;0;0
06-13-2010 01:17;107;0
06-13-2010 01:18;142;0
06-13-2010 01:19;0;0
06-13-2010 01:20;0;0
06-13-2010 01:21;0;0
06-13-2010 01:22;0;0
06-13-2010 01:23;0;0
06-13-2010 01:24;157;0
06-13-2010 01:25;0;0
06-13-2010 01:26;0;0
06-13-2010 01:27;0;0
06-13-2010 01:28;0;0
06-13-2010 01:29;0;0
06-13-2010 01:30;0;0
06-13-2010 01:31;0;0
06-13-2010 01:32;0;0
06-13-2010 01:33;83;0
06-13-2010 01:34;0;0
06-13-2010 01:35;0;0
06-13-2010 01:36;10;0
06-13-2010 01:37;0;0
06-13-2010 01:38;0;0
06-13-2010 01:39;0;0
06-13-2010 01:40;9;0
06-13-2010 01:41;0;0
06-13-2010 01:42;0;0
06-13-2010 01:43;0;0
06-13-2010 01:44;0;0
06-13-2010 01:45;0;0
06-13-2010 01:46;0;0
06-13-2010 01:47;0;0
06-13-2010 01:48;0;0
06-13-2010 01:49;0;0
06-13-2010 01:50;0;0
06-13-2010 01:51;0;0
06-13-2010 01:52;0;0
06-13-2010 01:53;0;0
06-13-2010 01:54;0;0
06-13-2010 01:55;0;0
06-13-2010 01:56;0;0
06-13-2010 01:57;0;0
06-13-2010 01:58;0;0
06-13-2010 01:59;0;0
06-13-2010 02:00;0;0
06-13-2010 02:01;0;0
06-13-2010 02:02;0;0
06-13-2010 02:03;9;0
06-13-2010 02:04;36;0
06-13-2010 02:05;0;0
06-13-2010 02:06;0;0
06-13-2010 02:07;0;0
06-13-2010 02:08;0;0
06-13-2010 02:09;0;0
06-13-2010 02:10;0;0
06-13-2010 02:11;0;0
06-13-2010 02:12;0;0
06-13-2010 02:13;0;0
06-13-2010 02:14;0;0
06-13-2010 02:15;0;0
06-13-2010 02:16;0;0
06-13-2010 02:17;3;0
06-13-2010 02:18;0;0
06-13-2010 02:19;0;0
06-13-2010 02:20;0;0
06-13-2010 02:21;0;0
06-13-2010 02:22;0;0
06-13-2010 02:23;0;0
06-13-2010 02:24;0;0
06-13-2010 02:25;0;0
06-13-2010 02:26;0;0
06-13-2010 02:27;0;0
06-13-2010 02:28;0;0
06-13-2010 02:29;0;0
06-13-2010 02:30;0;0
06-13-2010 02:31;0;0
06-13-2010 02:32;0;0
06-13-2010 02:33;0;0
06-13-2010 02:34;0;0
06-13-2010 02:35;31;0
06-13-2010 02:36;0;0
06-13-2010 02:37;0;0
06-13-2010 02:38;0;0
06-13-2010 02:39;0;0
06-13-2010 02:40;0;0
06-13-2010 02:41;0;0
06-13-2010 02:42;0;0
06-13-2010 02:43;42;0
06-13-2010 02:44;0;0
06-13-2010 02:45;0;0
06-13-2010 02:46;0;0
06-13-2010 02:47;0;0
06-13-2010 02:48;0;0
06-13-2010 02:49;0;0
06-13-2010 02:50;0;0
06-13-2010 02:51;0;0
06-13-2010 02:52;0;0
06-13-2010 02:53;0;0
06-13-2010 02:54;116;0
06-13-2010 02:55;0;0
06-13-2010 02:56;0;0
06-13-2010 02:57;0;0
06-13-2010 02:58;0;0
06-13-2010 02:59;0;0
06-13-2010 03:00;0;0
06-13-2010 03:01;28;0
06-13-2010 03:02;0;0
06-13-2010 03:03;0;0
06-13-2010 03:04;0;0
06-13-2010 03:05;0;0
06-13-2010 03:06;0;0
06-13-2010 03:07;0;0
06-13-2010 03:08;54;0
06-13-2010 03:09;0;0
06-13-2010 03:10;3;0
06-13-2010 03:11;0;0
06-13-2010 03:12;0;0
06-13-2010 03:13;0;0
06-13-2010 03:14;0;0
06-13-2010 03:15;83;0
06-13-2010 03:16;0;0
06-13-2010 03:17;0;0
06-13-2010 03:18;0;0
06-13-2010 03:19;0;0
06-13-2010 03:20;0;0
06-13-2010 03:21;0;0
06-13-2010 03:22;0;0
06-13-2010 03:23;0;0
06-13-2010 03:24;0;0
06-13-2010 03:25;0;0
06-13-2010 03:26;0;0
06-13-2010 03:27;0;0
06-13-2010 03:28;0;0
06-13-2010 03:29;0;0
06-13-2010 03:30;59;0
06-13-2010 03:31;104;0
06-13-2010 03:32;0;0
06-13-2010 03:33;0;0
06-13-2010 03:34;0;0
06-13-2010 03:35;0;0
06-13-2010 03:36;0;0
06-13-2010 03:37;0;0
06-13-2010 03:38;0;0
06-13-2010 03:39;0;0
06-13-2010 03:40;0;0
06-13-2010 03:41;0;0
06-13-2010 03:42;0;0
06-13-2010 03:43;0;0
06-13-2010 03:44;0;0
06-13-2010 03:45;0;0
06-13-2010 03:46;0;0
06-13-2010 03:47;0;0
06-13-2010 03:48;0;0
06-13-2010 03:49;0;0
06-13-2010 03:50;0;0
06-13-2010 03:51;0;0
06-13-2010 03:52;0;0
06-13-2010 03:53;0;0
06-13-2010 03:54;0;0
06-13-2010 03:55;0;0
06-13-2010 03:56;0;0
06-13-2010 03:57;0;0
06-13-2010 03:58;73;0
06-13-2010 03:59;0;0
06-13-2010 04:00;0;0
06-13-2010 04:01;0;0
06-13-2010 04:02;0;0
06-13-2010 04:03;0;0
06-13-2010 04:04;0;0
06-13-2010 04:05;0;0
06-13-2010 04:06;0;0
06-13-2010 04:07;0;0
06-13-2010 04:08;0;0
06-13-2010 04:09;0;0
06-13-2010 04:10;0;0
06-13-2010 04:11;31;0
06-13-2010 04:12;0;0
06-13-2010 04:13;0;0
06-13-2010 04:14;0;0
06-13-2010 04:15;0;0
06-13-2010 04:16;0;0
06-13-2010 04:17;0;0
06-13-2010 04:18;0;0
06-13-2010 04:19;0;0
06-13-2010 04:20;0;0
06-13-2010 04:21;0;0
06-13-2010 04:22;0;0
06-13-2010 04:23;0;0
06-13-2010 04:24;0;0
06-13-2010 04:25;0;0
06-13-2010 04:26;16;0
06-13-2010 04:27;0;0
06-13-2010 04:28;0;0
06-13-2010 04:29;28;0
06-13-2010 04:30;0;0
06-13-2010 04:31;0;0
06-13-2010 04:32;0;0
06-13-2010 04:33;0;0
06-13-2010 04:34;0;0
06-13-2010 04:35;0;0
06-13-2010 04:36;0;0
06-13-2010 04:37;0;0
06-13-2010 04:38;0;0
06-13-2010 04:39;9;0
06-13-2010 04:40;3;0
06-13-2010 04:41;0;0
06-13-2010 04:42;0;0
06-13-2010 04:43;0;0
06-13-2010 04:44;0;0
06-13-2010 04:45;0;0
06-13-2010 04:46;0;0
06-13-2010 04:47;0;0
06-13-2010 04:48;0;0
06-13-2010 04:49;0;0
06-13-2010 04:50;97;0
06-13-2010 04:51;0;0
06-13-2010 04:52;0;0
06-13-2010 04:53;0;0
06-13-2010 04:54;7;0
06-13-2010 04:55;0;0
06-13-2010 04:56;0;0
06-13-2010 04:57;0;0
06-13-2010 04:58;62;0
06-13-2010 04:59;0;0
06-13-2010 05:00;0;0
06-13-2010 05:01;0;0
06-13-2010 05:02;0;0
06-13-2010 05:03;0;0
06-13-2010 05:04;0;0
06-13-2010 05:05;0;0
06-13-2010 05:06;0;0
06-13-2010 05:07;0;0
06-13-2010 05:08;0;0
06-13-2010 05:09;0;0
06-13-2010 05:10;0;0
06-13-2010 05:11;0;0
06-13-2010 05:12;0;0
06-13-2010 05:13;0;0
06-13-2010 05:14;0;0
06-13-2010 05:15;86;0
06-13-2010 05:16;0;0
06-13-2010 05:17;0;0
06-13-2010 05:18;0;0
06-13-2010 05:19;0;0
06-13-2010 05:20;0;0
06-13-2010 05:21;0;0
06-13-2010 05:22;0;0
06-13-2010 05:23;0;0
06-13-2010 05:24;0;0
06-13-2010 05:25;0;0
06-13-2010 05:26;0;0
06-13-2010 05:27;0;0
06-13-2010 05:28;0;0
06-13-2010 05:29;0;0
06-13-2010 05:30;0;0
06-13-2010 05:31;0;0
06-13-2010 05:32;0;0
06-13-2010 05:33;0;0
06-13-2010 05:34;0;0
06-13-2010 05:35;0;0
06-13-2010 05:36;0;0
06-13-2010 05:37;0;0
06-13-2010 05:38;0;0
06-13-2010 05:39;0;0
06-13-2010 05:40;0;0
06-13-2010 05:41;0;0
06-13-2010 05:42;16;0
06-13-2010 05:43;0;0
06-13-2010 05:44;0;0
06-13-2010 05:45;0;0
06-13-2010 05:46;0;0
06-13-2010 05:47;0;0
06-13-2010 05:48;5;0
06-13-2010 05:49;0;0
06-13-2010 05:50;35;0
06-13-2010 05:51;0;0
06-13-2010 05:52;0;0
06-13-2010 05:53;0;0
06-13-2010 05:54;0;0
06-13-2010 05:55;0;0
06-13-2010 05:56;0;0
06-13-2010 05:57;0;0
06-13-2010 05:58;0;0
06-13-2010 05:59;0;0
06-13-2010 06:00;0;0
06-13-2010 06:01;266;0
06-13-2010 06:02;0;0
06-13-2010 06:03;47;0
06-13-2010 06:04;0;0
06-13-2010 06:05;28;0
06-13-2010 06:06;0;0
06-13-2010 06:07;69;0
06-13-2010 06:08;0;0
06-13-2010 06:09;55;0
06-13-2010 06:10;0;0
06-13-2010 06:11;0;0
06-13-2010 06:12;0;0
06-13-2010 06:13;3;0
06-13-2010 06:14;0;0
06-13-2010 06:15;0;0
06-13-2010 06:16;0;0
06-13-2010 06:17;0;0
06-13-2010 06:18;0;0
06-13-2010 06:19;0;0
06-13-2010 06:20;0;0
06-13-2010 06:21;0;0
06-13-2010 06:22;0;0
06-13-2010 06:23;0;0
06-13-2010 06:24;0;0
06-13-2010 06:25;0;0
06-13-2010 06:26;0;0
06-13-2010 06:27;0;0
06-13-2010 06:28;0;0
06-13-2010 06:29;0;0
06-13-2010 06:30;0;0
06-13-2010 06:31;47;0
06-13-2010 06:32;0;0
06-13-2010 06:33;0;0
06-13-2010 06:34;0;0
06-13-2010 06:35;5;0
06-13-2010 06:36;0;0
06-13-2010 06:37;0;0
06-13-2010 06:38;0;0
06-13-2010 06:39;0;0
06-13-2010 06:40;0;0
06-13-2010 06:41;0;0
06-13-2010 06:42;0;0
06-13-2010 06:43;0;0
06-13-2010 06:44;0;0
06-13-2010 06:45;80;0
06-13-2010 06:46;0;0
06-13-2010 06:47;0;0
06-13-2010 06:48;0;0
06-13-2010 06:49;33;0
06-13-2010 06:50;0;0
06-13-2010 06:51;0;0
06-13-2010 06:52;0;0
06-13-2010 06:53;0;0
06-13-2010 06:54;0;0
06-13-2010 06:55;0;0
06-13-2010 06:56;0;0
06-13-2010 06:57;0;0
06-13-2010 06:58;0;0
06-13-2010 06:59;0;0
06-13-2010 07:00;0;0
06-13-2010 07:01;5;0
06-13-2010 07:02;0;0
06-13-2010 07:03;0;0
06-13-2010 07:04;0;0
06-13-2010 07:05;0;0
06-13-2010 07:06;0;0
06-13-2010 07:07;0;0
06-13-2010 07:08;0;0
06-13-2010 07:09;0;0
06-13-2010 07:10;0;0
06-13-2010 07:11;0;0
06-13-2010 07:12;0;0
06-13-2010 07:13;0;0
06-13-2010 07:14;0;0
06-13-2010 07:15;0;0
06-13-2010 07:16;0;0
06-13-2010 07:17;116;0
06-13-2010 07:18;0;0
06-13-2010 07:19;0;0
06-13-2010 07:20;0;0
06-13-2010 07:21;0;0
06-13-2010 07:22;0;0
06-13-2010 07:23;0;0
06-13-2010 07:24;0;0
06-13-2010 07:25;0;0
06-13-2010 07:26;0;0
06-13-2010 07:27;0;0
06-13-2010 07:28;0;0
06-13-2010 07:29;0;0
06-13-2010 07:30;0;0
06-13-2010 07:31;0;0
06-13-2010 07:32;0;0
06-13-2010 07:33;0;0
06-13-2010 07:34;0;0
06-13-2010 07:35;0;0
06-13-2010 07:36;0;0
06-13-2010 07:37;90;0
06-13-2010 07:38;36;0
06-13-2010 07:39;35;0
06-13-2010 07:40;0;0
06-13-2010 07:41;0;0
06-13-2010 07:42;0;0
06-13-2010 07:43;0;0
06-13-2010 07:44;0;0
06-13-2010 07:45;97;0
06-13-2010 07:46;0;0
06-13-2010 07:47;0;0
06-13-2010 07:48;45;0
06-13-2010 07:49;0;0
06-13-2010 07:50;0;0
06-13-2010 07:51;0;0
06-13-2010 07:52;0;0
06-13-2010 07:53;0;0
06-13-2010 07:54;59;0
06-13-2010 07:55;0;0
06-13-2010 07:56;0;0
06-13-2010 07:57;0;0
06-13-2010 07:58;0;0
06-13-2010 07:59;21;0
06-13-2010 08:00;0;0
06-13-2010 08:01;0;0
06-13-2010 08:02;0;0
06-13-2010 08:03;0;0
06-13-2010 08:04;0;0
06-13-2010 08:05;0;0
06-13-2010 08:06;121;0
06-13-2010 08:07;10;0
06-13-2010 08:08;28;0
06-13-2010 08:09;0;0
06-13-2010 08:10;0;0
06-13-2010 08:11;0;0
06-13-2010 08:12;62;0
06-13-2010 08:13;0;0
06-13-2010 08:14;0;0
06-13-2010 08:15;0;0
06-13-2010 08:16;0;0
06-13-2010 08:17;586;0
06-13-2010 08:18;498;0
06-13-2010 08:19;1010;0
06-13-2010 08:20;979;0
06-13-2010 08:21;384;0
06-13-2010 08:22;202;0
06-13-2010 08:23;360;0
06-13-2010 08:24;168;0
06-13-2010 08:25;55;0
06-13-2010 08:26;104;0
06-13-2010 08:27;80;0
06-13-2010 08:28;55;0
06-13-2010 08:29;9;0
06-13-2010 08:30;42;0
06-13-2010 08:31;93;0
06-13-2010 08:32;93;0
06-13-2010 08:33;16;0
06-13-2010 08:34;0;0
06-13-2010 08:35;5;0
06-13-2010 08:36;3;0
06-13-2010 08:37;284;0
06-13-2010 08:38;45;0
06-13-2010 08:39;62;0
06-13-2010 08:40;80;0
06-13-2010 08:41;14;0
06-13-2010 08:42;33;0
06-13-2010 08:43;54;0
06-13-2010 08:44;467;0
06-13-2010 08:45;24;0
06-13-2010 08:46;31;0
06-13-2010 08:47;26;0
06-13-2010 08:48;47;0
06-13-2010 08:49;29;0
06-13-2010 08:50;66;0
06-13-2010 08:51;28;0
06-13-2010 08:52;55;0
06-13-2010 08:53;12;0
06-13-2010 08:54;12;0
06-13-2010 08:55;26;0
06-13-2010 08:56;12;0
06-13-2010 08:57;59;0
06-13-2010 08:58;29;0
06-13-2010 08:59;31;0
06-13-2010 09:00;10;0
06-13-2010 09:01;31;0
06-13-2010 09:02;43;0
06-13-2010 09:03;35;0
06-13-2010 09:04;31;0
06-13-2010 09:05;14;0
06-13-2010 09:06;24;0
06-13-2010 09:07;31;0
06-13-2010 09:08;50;0
06-13-2010 09:09;12;0
06-13-2010 09:10;195;0
06-13-2010 09:11;284;0
06-13-2010 09:12;195;0
06-13-2010 09:13;76;0
06-13-2010 09:14;66;0
06-13-2010 09:15;59;0
06-13-2010 09:16;121;0
06-13-2010 09:17;83;0
06-13-2010 09:18;17;0
06-13-2010 09:19;59;0
06-13-2010 09:20;232;0
06-13-2010 09:21;90;0
06-13-2010 09:22;36;0
06-13-2010 09:23;157;0
06-13-2010 09:24;28;0
06-13-2010 09:25;55;0
06-13-2010 09:26;76;0
06-13-2010 09:27;76;0
06-13-2010 09:28;43;0
06-13-2010 09:29;52;0
06-13-2010 09:30;33;0
06-13-2010 09:31;22;0
06-13-2010 09:32;0;0
06-13-2010 09:33;54;0
06-13-2010 09:34;104;0
06-13-2010 09:35;22;0
06-13-2010 09:36;100;0
06-13-2010 09:37;111;0
06-13-2010 09:38;100;0
06-13-2010 09:39;209;0
06-13-2010 09:40;348;0
06-13-2010 09:41;550;0
06-13-2010 09:42;372;0
06-13-2010 09:43;69;0
06-13-2010 09:44;10;0
06-13-2010 09:45;16;0
06-13-2010 09:46;12;0
06-13-2010 09:47;9;0
06-13-2010 09:48;10;0
06-13-2010 09:49;5;0
06-13-2010 09:50;80;0
06-13-2010 09:51;0;0
06-13-2010 09:52;19;0
06-13-2010 09:53;36;0
06-13-2010 09:54;40;0
06-13-2010 09:55;38;0
06-13-2010 09:56;90;0
06-13-2010 09:57;116;0
06-13-2010 09:58;202;0
06-13-2010 09:59;17;0
06-13-2010 10:00;59;0
06-13-2010 10:01;28;0
06-13-2010 10:02;216;0
06-13-2010 10:03;48;0
06-13-2010 10:04;29;0
06-13-2010 10:05;304;0
06-13-2010 10:06;315;0
06-13-2010 10:07;360;0
06-13-2010 10:08;266;0
06-13-2010 10:09;131;0
06-13-2010 10:10;24;0
06-13-2010 10:11;97;0
06-13-2010 10:12;73;0
06-13-2010 10:13;69;0
06-13-2010 10:14;249;0
06-13-2010 10:15;35;0
06-13-2010 10:16;26;0
06-13-2010 10:17;12;0
06-13-2010 10:18;438;0
06-13-2010 10:19;232;0
06-13-2010 10:20;240;0
06-13-2010 10:21;240;0
06-13-2010 10:22;168;0
06-13-2010 10:23;3;0
06-13-2010 10:24;3;0
06-13-2010 10:25;90;0
06-13-2010 10:26;175;0
06-13-2010 10:27;126;0
06-13-2010 10:28;83;0
06-13-2010 10:29;16;0
06-13-2010 10:30;26;0
06-13-2010 10:31;111;0
06-13-2010 10:32;90;0
06-13-2010 10:33;100;0
06-13-2010 10:34;258;0
06-13-2010 10:35;142;0
06-13-2010 10:36;14;0
06-13-2010 10:37;104;0
06-13-2010 10:38;104;0
06-13-2010 10:39;195;0
06-13-2010 10:40;66;0
06-13-2010 10:41;14;0
06-13-2010 10:42;223;0
06-13-2010 10:43;195;0
06-13-2010 10:44;126;0
06-13-2010 10:45;5;0
06-13-2010 10:46;0;0
06-13-2010 10:47;315;0
06-13-2010 10:48;0;0
06-13-2010 10:49;42;0
06-13-2010 10:50;55;0
06-13-2010 10:51;59;0
06-13-2010 10:52;31;0
06-13-2010 10:53;22;0
06-13-2010 10:54;14;0
06-13-2010 10:55;0;0
06-13-2010 10:56;498;0
06-13-2010 10:57;861;0
06-13-2010 10:58;711;0
06-13-2010 10:59;733;0
06-13-2010 11:00;396;0
06-13-2010 11:01;223;0
06-13-2010 11:02;467;0
06-13-2010 11:03;605;0
06-13-2010 11:04;666;0
06-13-2010 11:05;666;0
06-13-2010 11:06;223;0
06-13-2010 11:07;232;0
06-13-2010 11:08;216;0
06-13-2010 11:09;550;0
06-13-2010 11:10;315;0
06-13-2010 11:11;315;0
06-13-2010 11:12;372;0
06-13-2010 11:13;83;0
06-13-2010 11:14;0;0
06-13-2010 11:15;3;0
06-13-2010 11:16;0;0
06-13-2010 11:17;0;0
06-13-2010 11:18;0;0
06-13-2010 11:19;498;0
06-13-2010 11:20;666;0
06-13-2010 11:21;325;0
06-13-2010 11:22;275;0
06-13-2010 11:23;126;0
06-13-2010 11:24;69;0
06-13-2010 11:25;42;0
06-13-2010 11:26;121;0
06-13-2010 11:27;69;0
06-13-2010 11:28;83;0
06-13-2010 11:29;137;0
06-13-2010 11:30;93;0
06-13-2010 11:31;73;0
06-13-2010 11:32;80;0
06-13-2010 11:33;111;0
06-13-2010 11:34;107;0
06-13-2010 11:35;131;0
06-13-2010 11:36;121;0
06-13-2010 11:37;111;0
06-13-2010 11:38;90;0
06-13-2010 11:39;163;0
06-13-2010 11:40;163;0
06-13-2010 11:41;223;0
06-13-2010 11:42;116;0
06-13-2010 11:43;189;0
06-13-2010 11:44;97;0
06-13-2010 11:45;152;0
06-13-2010 11:46;31;0
06-13-2010 11:47;0;0
06-13-2010 11:48;0;0
06-13-2010 11:49;0;0
06-13-2010 11:50;0;0
06-13-2010 11:51;0;0
06-13-2010 11:52;0;0
06-13-2010 11:53;0;0
06-13-2010 11:54;266;0
06-13-2010 11:55;275;0
06-13-2010 11:56;336;0
06-13-2010 11:57;304;0
06-13-2010 11:58;294;0
06-13-2010 11:59;17;0
06-13-2010 12:00;47;0
06-13-2010 12:01;666;0
06-13-2010 12:02;605;0
06-13-2010 12:03;758;0
06-13-2010 12:04;1261;1
06-13-2010 12:05;1430;1
06-13-2010 12:06;1261;1
06-13-2010 12:07;948;0
06-13-2010 12:08;948;0
06-13-2010 12:09;1010;0
06-13-2010 12:10;889;0
06-13-2010 12:11;1782;1
06-13-2010 12:12;1522;1
06-13-2010 12:13;1110;1
06-13-2010 12:14;889;0
06-13-2010 12:15;834;0
06-13-2010 12:16;1475;1
06-13-2010 12:17;1621;1
06-13-2010 12:18;1621;1
06-13-2010 12:19;1839;1
06-13-2010 12:20;1430;1
06-13-2010 12:21;1386;1
06-13-2010 12:22;1342;1
06-13-2010 12:23;1342;1
06-13-2010 12:24;1043;0
06-13-2010 12:25;1571;1
06-13-2010 12:26;1301;1
06-13-2010 12:27;1430;1
06-13-2010 12:28;758;0
06-13-2010 12:29;1386;1
06-13-2010 12:30;948;0
06-13-2010 12:31;451;0
06-13-2010 12:32;438;0
06-13-2010 12:33;733;0
06-13-2010 12:34;918;0
06-13-2010 12:35;1043;0
06-13-2010 12:36;315;0
06-13-2010 12:37;26;0
06-13-2010 12:38;202;0
06-13-2010 12:39;55;0
06-13-2010 12:40;979;0
06-13-2010 12:41;1010;0
06-13-2010 12:42;483;0
06-13-2010 12:43;55;0
06-13-2010 12:44;182;0
06-13-2010 12:45;100;0
06-13-2010 12:46;48;0
06-13-2010 12:47;304;0
06-13-2010 12:48;80;0
06-13-2010 12:49;97;0
06-13-2010 12:50;66;0
06-13-2010 12:51;979;0
06-13-2010 12:52;1301;1
06-13-2010 12:53;1110;1
06-13-2010 12:54;1221;1
06-13-2010 12:55;1726;1
06-13-2010 12:56;948;0
06-13-2010 12:57;284;0
06-13-2010 12:58;711;0
06-13-2010 12:59;1726;1
06-13-2010 13:00;467;0
06-13-2010 13:01;90;0
06-13-2010 13:02;131;0
06-13-2010 13:03;76;0
06-13-2010 13:04;438;0
06-13-2010 13:05;948;0
06-13-2010 13:06;515;0
06-13-2010 13:07;266;0
06-13-2010 13:08;336;0
06-13-2010 13:09;121;0
06-13-2010 13:10;258;0
06-13-2010 13:11;80;0
06-13-2010 13:12;66;0
06-13-2010 13:13;284;0
06-13-2010 13:14;62;0
06-13-2010 13:15;62;0
06-13-2010 13:16;157;0
06-13-2010 13:17;275;0
06-13-2010 13:18;258;0
06-13-2010 13:19;142;0
06-13-2010 13:20;336;0
06-13-2010 13:21;384;0
06-13-2010 13:22;451;0
06-13-2010 13:23;168;0
06-13-2010 13:24;223;0
06-13-2010 13:25;216;0
06-13-2010 13:26;147;0
06-13-2010 13:27;550;0
06-13-2010 13:28;1110;1
06-13-2010 13:29;1571;1
06-13-2010 13:30;1010;0
06-13-2010 13:31;605;0
06-13-2010 13:32;182;0
06-13-2010 13:33;666;0
06-13-2010 13:34;586;0
06-13-2010 13:35;645;0
06-13-2010 13:36;711;0
06-13-2010 13:37;666;0
06-13-2010 13:38;688;0
06-13-2010 13:39;733;0
06-13-2010 13:40;808;0
06-13-2010 13:41;758;0
06-13-2010 13:42;808;0
06-13-2010 13:43;758;0
06-13-2010 13:44;758;0
06-13-2010 13:45;688;0
06-13-2010 13:46;733;0
06-13-2010 13:47;733;0
06-13-2010 13:48;782;0
06-13-2010 13:49;808;0
06-13-2010 13:50;808;0
06-13-2010 13:51;586;0
06-13-2010 13:52;533;0
06-13-2010 13:53;209;0
06-13-2010 13:54;438;0
06-13-2010 13:55;168;0
06-13-2010 13:56;202;0
06-13-2010 13:57;42;0
06-13-2010 13:58;147;0
06-13-2010 13:59;83;0
06-13-2010 14:00;202;0
06-13-2010 14:01;14;0
06-13-2010 14:02;202;0
06-13-2010 14:03;126;0
06-13-2010 14:04;66;0
06-13-2010 14:05;889;0
06-13-2010 14:06;223;0
06-13-2010 14:07;111;0
06-13-2010 14:08;216;0
06-13-2010 14:09;586;0
06-13-2010 14:10;711;0
06-13-2010 14:11;666;0
06-13-2010 14:12;645;0
06-13-2010 14:13;808;0
06-13-2010 14:14;688;0
06-13-2010 14:15;782;0
06-13-2010 14:16;861;0
06-13-2010 14:17;782;0
06-13-2010 14:18;733;0
06-13-2010 14:19;782;0
06-13-2010 14:20;645;0
06-13-2010 14:21;666;0
06-13-2010 14:22;688;0
06-13-2010 14:23;808;0
06-13-2010 14:24;711;0
06-13-2010 14:25;498;0
06-13-2010 14:26;688;0
06-13-2010 14:27;605;0
06-13-2010 14:28;758;0
06-13-2010 14:29;733;0
06-13-2010 14:30;467;0
06-13-2010 14:31;948;0
06-13-2010 14:32;1261;1
06-13-2010 14:33;1110;1
06-13-2010 14:34;1430;1
06-13-2010 14:35;808;0
06-13-2010 14:36;266;0
06-13-2010 14:37;168;0
06-13-2010 14:38;372;0
06-13-2010 14:39;889;0
06-13-2010 14:40;688;0
06-13-2010 14:41;918;0
06-13-2010 14:42;979;0
06-13-2010 14:43;688;0
06-13-2010 14:44;232;0
06-13-2010 14:45;550;0
06-13-2010 14:46;202;0
06-13-2010 14:47;3;0
06-13-2010 14:48;3;0
06-13-2010 14:49;304;0
06-13-2010 14:50;645;0
06-13-2010 14:51;918;0
06-13-2010 14:52;147;0
06-13-2010 14:53;195;0
06-13-2010 14:54;498;0
06-13-2010 14:55;624;0
06-13-2010 14:56;567;0
06-13-2010 14:57;666;0
06-13-2010 14:58;515;0
06-13-2010 14:59;232;0
06-13-2010 15:00;223;0
06-13-2010 15:01;168;0
06-13-2010 15:02;315;0
06-13-2010 15:03;325;0
06-13-2010 15:04;152;0
06-13-2010 15:05;195;0
06-13-2010 15:06;93;0
06-13-2010 15:07;189;0
06-13-2010 15:08;182;0
06-13-2010 15:09;182;0
06-13-2010 15:10;116;0
06-13-2010 15:11;90;0
06-13-2010 15:12;372;0
06-13-2010 15:13;372;0
06-13-2010 15:14;666;0
06-13-2010 15:15;666;0
06-13-2010 15:16;567;0
06-13-2010 15:17;515;0
06-13-2010 15:18;483;0
06-13-2010 15:19;209;0
06-13-2010 15:20;360;0
06-13-2010 15:21;104;0
06-13-2010 15:22;240;0
06-13-2010 15:23;126;0
06-13-2010 15:24;249;0
06-13-2010 15:25;126;0
06-13-2010 15:26;76;0
06-13-2010 15:27;315;0
06-13-2010 15:28;266;0
06-13-2010 15:29;147;0
06-13-2010 15:30;100;0
06-13-2010 15:31;189;0
06-13-2010 15:32;336;0
06-13-2010 15:33;284;0
06-13-2010 15:34;216;0
06-13-2010 15:35;733;0
06-13-2010 15:36;1043;0
06-13-2010 15:37;782;0
06-13-2010 15:38;550;0
06-13-2010 15:39;182;0
06-13-2010 15:40;107;0
06-13-2010 15:41;116;0
06-13-2010 15:42;152;0
06-13-2010 15:43;348;0
06-13-2010 15:44;10;0
06-13-2010 15:45;0;0
06-13-2010 15:46;12;0
06-13-2010 15:47;0;0
06-13-2010 15:48;0;0
06-13-2010 15:49;0;0
06-13-2010 15:50;0;0
06-13-2010 15:51;5;0
06-13-2010 15:52;16;0
06-13-2010 15:53;14;0
06-13-2010 15:54;5;0
06-13-2010 15:55;0;0
06-13-2010 15:56;0;0
06-13-2010 15:57;0;0
06-13-2010 15:58;24;0
06-13-2010 15:59;3;0
06-13-2010 16:00;0;0
06-13-2010 16:01;17;0
06-13-2010 16:02;12;0
06-13-2010 16:03;0;0
06-13-2010 16:04;0;0
06-13-2010 16:05;0;0
06-13-2010 16:06;9;0
06-13-2010 16:07;550;0
06-13-2010 16:08;0;0
06-13-2010 16:09;0;0
06-13-2010 16:10;0;0
06-13-2010 16:11;0;0
06-13-2010 16:12;0;0
06-13-2010 16:13;0;0
06-13-2010 16:14;14;0
06-13-2010 16:15;0;0
06-13-2010 16:16;0;0
06-13-2010 16:17;216;0
06-13-2010 16:18;396;0
06-13-2010 16:19;97;0
06-13-2010 16:20;360;0
06-13-2010 16:21;26;0
06-13-2010 16:22;451;0
06-13-2010 16:23;645;0
06-13-2010 16:24;1010;0
06-13-2010 16:25;111;0
06-13-2010 16:26;808;0
06-13-2010 16:27;1430;1
06-13-2010 16:28;1571;1
06-13-2010 16:29;1621;1
06-13-2010 16:30;1261;1
06-13-2010 16:31;782;0
06-13-2010 16:32;645;0
06-13-2010 16:33;666;0
06-13-2010 16:34;483;0
06-13-2010 16:35;834;0
06-13-2010 16:36;424;0
06-13-2010 16:37;384;0
06-13-2010 16:38;550;0
06-13-2010 16:39;467;0
06-13-2010 16:40;24;0
06-13-2010 16:41;86;0
06-13-2010 16:42;47;0
06-13-2010 16:43;131;0
06-13-2010 16:44;266;0
06-13-2010 16:45;168;0
06-13-2010 16:46;586;0
06-13-2010 16:47;137;0
06-13-2010 16:48;438;0
06-13-2010 16:49;284;0
06-13-2010 16:50;131;0
06-13-2010 16:51;605;0
06-13-2010 16:52;1261;1
06-13-2010 16:53;758;0
06-13-2010 16:54;586;0
06-13-2010 16:55;1221;1
06-13-2010 16:56;834;0
06-13-2010 16:57;782;0
06-13-2010 16:58;782;0
06-13-2010 16:59;758;0
06-13-2010 17:00;889;0
06-13-2010 17:01;808;0
06-13-2010 17:02;1342;1
06-13-2010 17:03;275;0
06-13-2010 17:04;168;0
06-13-2010 17:05;26;0
06-13-2010 17:06;43;0
06-13-2010 17:07;258;0
06-13-2010 17:08;121;0
06-13-2010 17:09;126;0
06-13-2010 17:10;83;0
06-13-2010 17:11;157;0
06-13-2010 17:12;28;0
06-13-2010 17:13;35;0
06-13-2010 17:14;0;0
06-13-2010 17:15;0;0
06-13-2010 17:16;36;0
06-13-2010 17:17;137;0
06-13-2010 17:18;62;0
06-13-2010 17:19;73;0
06-13-2010 17:20;0;0
06-13-2010 17:21;0;0
06-13-2010 17:22;40;0
06-13-2010 17:23;10;0
06-13-2010 17:24;80;0
06-13-2010 17:25;33;0
06-13-2010 17:26;147;0
06-13-2010 17:27;498;0
06-13-2010 17:28;86;0
06-13-2010 17:29;249;0
06-13-2010 17:30;0;0
06-13-2010 17:31;0;0
06-13-2010 17:32;80;0
06-13-2010 17:33;19;0
06-13-2010 17:34;0;0
06-13-2010 17:35;5;0
06-13-2010 17:36;147;0
06-13-2010 17:37;315;0
06-13-2010 17:38;182;0
06-13-2010 17:39;3;0
06-13-2010 17:40;232;0
06-13-2010 17:41;59;0
06-13-2010 17:42;0;0
06-13-2010 17:43;5;0
06-13-2010 17:44;294;0
06-13-2010 17:45;152;0
06-13-2010 17:46;0;0
06-13-2010 17:47;0;0
06-13-2010 17:48;0;0
06-13-2010 17:49;0;0
06-13-2010 17:50;0;0
06-13-2010 17:51;5;0
06-13-2010 17:52;12;0
06-13-2010 17:53;861;0
06-13-2010 17:54;1571;1
06-13-2010 17:55;1183;1
06-13-2010 17:56;1261;1
06-13-2010 17:57;1342;1
06-13-2010 17:58;918;0
06-13-2010 17:59;1110;1
06-13-2010 18:00;889;0
06-13-2010 18:01;410;0
06-13-2010 18:02;116;0
06-13-2010 18:03;336;0
06-13-2010 18:04;116;0
06-13-2010 18:05;107;0
06-13-2010 18:06;83;0
06-13-2010 18:07;782;0
06-13-2010 18:08;2020;1
06-13-2010 18:09;2150;1
06-13-2010 18:10;1386;1
06-13-2010 18:11;586;0
06-13-2010 18:12;515;0
06-13-2010 18:13;438;0
06-13-2010 18:14;645;0
06-13-2010 18:15;384;0
06-13-2010 18:16;209;0
06-13-2010 18:17;294;0
06-13-2010 18:18;0;0
06-13-2010 18:19;73;0
06-13-2010 18:20;515;0
06-13-2010 18:21;202;0
06-13-2010 18:22;348;0
06-13-2010 18:23;467;0
06-13-2010 18:24;336;0
06-13-2010 18:25;533;0
06-13-2010 18:26;137;0
06-13-2010 18:27;100;0
06-13-2010 18:28;195;0
06-13-2010 18:29;93;0
06-13-2010 18:30;80;0
06-13-2010 18:31;29;0
06-13-2010 18:32;107;0
06-13-2010 18:33;21;0
06-13-2010 18:34;9;0
06-13-2010 18:35;126;0
06-13-2010 18:36;216;0
06-13-2010 18:37;69;0
06-13-2010 18:38;275;0
06-13-2010 18:39;483;0
06-13-2010 18:40;275;0
06-13-2010 18:41;315;0
06-13-2010 18:42;142;0
06-13-2010 18:43;348;0
06-13-2010 18:44;605;0
06-13-2010 18:45;438;0
06-13-2010 18:46;304;0
06-13-2010 18:47;733;0
06-13-2010 18:48;266;0
06-13-2010 18:49;605;0
06-13-2010 18:50;550;0
06-13-2010 18:51;325;0
06-13-2010 18:52;209;0
06-13-2010 18:53;284;0
06-13-2010 18:54;384;0
06-13-2010 18:55;645;0
06-13-2010 18:56;258;0
06-13-2010 18:57;137;0
06-13-2010 18:58;107;0
06-13-2010 18:59;10;0
06-13-2010 19:00;336;0
06-13-2010 19:01;0;0
06-13-2010 19:02;0;0
06-13-2010 19:03;0;0
06-13-2010 19:04;0;0
06-13-2010 19:05;0;0
06-13-2010 19:06;0;0
06-13-2010 19:07;0;0
06-13-2010 19:08;0;0
06-13-2010 19:09;360;0
06-13-2010 19:10;360;0
06-13-2010 19:11;498;0
06-13-2010 19:12;889;0
06-13-2010 19:13;2084;1
06-13-2010 19:14;1839;1
06-13-2010 19:15;1726;1
06-13-2010 19:16;1782;1
06-13-2010 19:17;1522;1
06-13-2010 19:18;1043;0
06-13-2010 19:19;808;0
06-13-2010 19:20;861;0
06-13-2010 19:21;711;0
06-13-2010 19:22;1475;1
06-13-2010 19:23;107;0
06-13-2010 19:24;182;0
06-13-2010 19:25;336;0
06-13-2010 19:26;59;0
06-13-2010 19:27;43;0
06-13-2010 19:28;0;0
06-13-2010 19:29;9;0
06-13-2010 19:30;10;0
06-13-2010 19:31;3;0
06-13-2010 19:32;35;0
06-13-2010 19:33;28;0
06-13-2010 19:34;21;0
06-13-2010 19:35;69;0
06-13-2010 19:36;550;0
06-13-2010 19:37;424;0
06-13-2010 19:38;948;0
06-13-2010 19:39;550;0
06-13-2010 19:40;424;0
06-13-2010 19:41;515;0
06-13-2010 19:42;948;0
06-13-2010 19:43;1782;1
06-13-2010 19:44;861;0
06-13-2010 19:45;645;0
06-13-2010 19:46;1010;0
06-13-2010 19:47;1010;0
06-13-2010 19:48;834;0
06-13-2010 19:49;605;0
06-13-2010 19:50;275;0
06-13-2010 19:51;605;0
06-13-2010 19:52;396;0
06-13-2010 19:53;142;0
06-13-2010 19:54;1726;1
06-13-2010 19:55;948;0
06-13-2010 19:56;182;0
06-13-2010 19:57;126;0
06-13-2010 19:58;182;0
06-13-2010 19:59;1076;0
06-13-2010 20:00;533;0
06-13-2010 20:01;666;0
06-13-2010 20:02;147;0
06-13-2010 20:03;483;0
06-13-2010 20:04;189;0
06-13-2010 20:05;240;0
06-13-2010 20:06;62;0
06-13-2010 20:07;142;0
06-13-2010 20:08;498;0
06-13-2010 20:09;147;0
06-13-2010 20:10;35;0
06-13-2010 20:11;348;0
06-13-2010 20:12;175;0
06-13-2010 20:13;107;0
06-13-2010 20:14;0;0
06-13-2010 20:15;73;0
06-13-2010 20:16;54;0
06-13-2010 20:17;59;0
06-13-2010 20:18;97;0
06-13-2010 20:19;35;0
06-13-2010 20:20;0;0
06-13-2010 20:21;209;0
06-13-2010 20:22;152;0
06-13-2010 20:23;14;0
06-13-2010 20:24;73;0
06-13-2010 20:25;69;0
06-13-2010 20:26;73;0
06-13-2010 20:27;111;0
06-13-2010 20:28;0;0
06-13-2010 20:29;3;0
06-13-2010 20:30;467;0
06-13-2010 20:31;59;0
06-13-2010 20:32;586;0
06-13-2010 20:33;116;0
06-13-2010 20:34;35;0
06-13-2010 20:35;17;0
06-13-2010 20:36;0;0
06-13-2010 20:37;0;0
06-13-2010 20:38;0;0
06-13-2010 20:39;0;0
06-13-2010 20:40;0;0
06-13-2010 20:41;0;0
06-13-2010 20:42;0;0
06-13-2010 20:43;0;0
06-13-2010 20:44;0;0
06-13-2010 20:45;918;0
06-13-2010 20:46;396;0
06-13-2010 20:47;348;0
06-13-2010 20:48;216;0
06-13-2010 20:49;275;0
06-13-2010 20:50;498;0
06-13-2010 20:51;131;0
06-13-2010 20:52;348;0
06-13-2010 20:53;336;0
06-13-2010 20:54;126;0
06-13-2010 20:55;396;0
06-13-2010 20:56;1076;0
06-13-2010 20:57;384;0
06-13-2010 20:58;1043;0
06-13-2010 20:59;666;0
06-13-2010 21:00;266;0
06-13-2010 21:01;372;0
06-13-2010 21:02;209;0
06-13-2010 21:03;533;0
06-13-2010 21:04;195;0
06-13-2010 21:05;76;0
06-13-2010 21:06;5;0
06-13-2010 21:07;3;0
06-13-2010 21:08;12;0
06-13-2010 21:09;31;0
06-13-2010 21:10;14;0
06-13-2010 21:11;21;0
06-13-2010 21:12;111;0
06-13-2010 21:13;202;0
06-13-2010 21:14;467;0
06-13-2010 21:15;396;0
06-13-2010 21:16;189;0
06-13-2010 21:17;223;0
06-13-2010 21:18;66;0
06-13-2010 21:19;116;0
06-13-2010 21:20;232;0
06-13-2010 21:21;147;0
06-13-2010 21:22;126;0
06-13-2010 21:23;294;0
06-13-2010 21:24;93;0
06-13-2010 21:25;19;0
06-13-2010 21:26;45;0
06-13-2010 21:27;19;0
06-13-2010 21:28;21;0
06-13-2010 21:29;26;0
06-13-2010 21:30;69;0
06-13-2010 21:31;0;0
06-13-2010 21:32;111;0
06-13-2010 21:33;275;0
06-13-2010 21:34;157;0
06-13-2010 21:35;80;0
06-13-2010 21:36;294;0
06-13-2010 21:37;90;0
06-13-2010 21:38;189;0
06-13-2010 21:39;315;0
06-13-2010 21:40;142;0
06-13-2010 21:41;249;0
06-13-2010 21:42;10;0
06-13-2010 21:43;304;0
06-13-2010 21:44;1430;1
06-13-2010 21:45;424;0
06-13-2010 21:46;35;0
06-13-2010 21:47;550;0
06-13-2010 21:48;467;0
06-13-2010 21:49;498;0
06-13-2010 21:50;209;0
06-13-2010 21:51;567;0
06-13-2010 21:52;182;0
06-13-2010 21:53;266;0
06-13-2010 21:54;121;0
06-13-2010 21:55;0;0
06-13-2010 21:56;223;0
06-13-2010 21:57;0;0
06-13-2010 21:58;0;0
06-13-2010 21:59;0;0
06-13-2010 22:00;0;0
06-13-2010 22:01;10;0
06-13-2010 22:02;202;0
06-13-2010 22:03;83;0
06-13-2010 22:04;0;0
06-13-2010 22:05;0;0
06-13-2010 22:06;240;0
06-13-2010 22:07;111;0
06-13-2010 22:08;733;0
06-13-2010 22:09;451;0
06-13-2010 22:10;55;0
06-13-2010 22:11;5;0
06-13-2010 22:12;131;0
06-13-2010 22:13;438;0
06-13-2010 22:14;62;0
06-13-2010 22:15;189;0
06-13-2010 22:16;168;0
06-13-2010 22:17;66;0
06-13-2010 22:18;142;0
06-13-2010 22:19;294;0
06-13-2010 22:20;36;0
06-13-2010 22:21;360;0
06-13-2010 22:22;1301;1
06-13-2010 22:23;1621;1
06-13-2010 22:24;1621;1
06-13-2010 22:25;1475;1
06-13-2010 22:26;131;0
06-13-2010 22:27;28;0
06-13-2010 22:28;758;0
06-13-2010 22:29;808;0
06-13-2010 22:30;948;0
06-13-2010 22:31;918;0
06-13-2010 22:32;861;0
06-13-2010 22:33;438;0
06-13-2010 22:34;567;0
06-13-2010 22:35;223;0
06-13-2010 22:36;808;0
06-13-2010 22:37;1522;1
06-13-2010 22:38;889;0
06-13-2010 22:39;645;0
06-13-2010 22:40;483;0
06-13-2010 22:41;348;0
06-13-2010 22:42;733;0
06-13-2010 22:43;266;0
06-13-2010 22:44;175;0
06-13-2010 22:45;38;0
06-13-2010 22:46;80;0
06-13-2010 22:47;69;0
06-13-2010 22:48;424;0
06-13-2010 22:49;294;0
06-13-2010 22:50;275;0
06-13-2010 22:51;240;0
06-13-2010 22:52;137;0
06-13-2010 22:53;258;0
06-13-2010 22:54;69;0
06-13-2010 22:55;711;0
06-13-2010 22:56;550;0
06-13-2010 22:57;240;0
06-13-2010 22:58;216;0
06-13-2010 22:59;467;0
06-13-2010 23:00;232;0
06-13-2010 23:01;304;0
06-13-2010 23:02;189;0
06-13-2010 23:03;304;0
06-13-2010 23:04;294;0
06-13-2010 23:05;372;0
06-13-2010 23:06;410;0
06-13-2010 23:07;209;0
06-13-2010 23:08;147;0
06-13-2010 23:09;126;0
06-13-2010 23:10;182;0
06-13-2010 23:11;348;0
06-13-2010 23:12;336;0
06-13-2010 23:13;372;0
06-13-2010 23:14;131;0
06-13-2010 23:15;35;0
06-13-2010 23:16;83;0
06-13-2010 23:17;163;0
06-13-2010 23:18;69;0
06-13-2010 23:19;467;0
06-13-2010 23:20;104;0
06-13-2010 23:21;424;0
06-13-2010 23:22;195;0
06-13-2010 23:23;42;0
06-13-2010 23:24;19;0
06-13-2010 23:25;66;0
06-13-2010 23:26;121;0
06-13-2010 23:27;14;0
06-13-2010 23:28;0;0
06-13-2010 23:29;35;0
06-13-2010 23:30;0;0
06-13-2010 23:31;38;0
06-13-2010 23:32;0;0
06-13-2010 23:33;0;0
06-13-2010 23:34;258;0
06-13-2010 23:35;372;0
06-13-2010 23:36;861;0
06-13-2010 23:37;1342;1
06-13-2010 23:38;1076;0
06-13-2010 23:39;10;0
06-13-2010 23:40;147;0
06-13-2010 23:41;0;0
06-13-2010 23:42;12;0
06-13-2010 23:43;0;0
06-13-2010 23:44;3;0
06-13-2010 23:45;22;0
06-13-2010 23:46;189;0
06-13-2010 23:47;0;0
06-13-2010 23:48;0;0
06-13-2010 23:49;76;0
06-13-2010 23:50;0;0
06-13-2010 23:51;0;0
06-13-2010 23:52;0;0
06-13-2010 23:53;0;0
06-13-2010 23:54;0;0
06-13-2010 23:55;0;0
06-13-2010 23:56;3;0
06-13-2010 23:57;0;0
06-13-2010 23:58;0;0
06-13-2010 23:59;0;0
06-14-2010 00:00;0;0
06-14-2010 00:01;0;0
06-14-2010 00:02;0;0
06-14-2010 00:03;0;0
06-14-2010 00:04;0;0
06-14-2010 00:05;0;0
06-14-2010 00:06;0;0
06-14-2010 00:07;0;0
06-14-2010 00:08;0;0
06-14-2010 00:09;0;0
06-14-2010 00:10;0;0
06-14-2010 00:11;0;0
06-14-2010 00:12;0;0
06-14-2010 00:13;0;0
06-14-2010 00:14;0;0
06-14-2010 00:15;0;0
06-14-2010 00:16;0;0
06-14-2010 00:17;0;0
06-14-2010 00:18;0;0
06-14-2010 00:19;0;0
06-14-2010 00:20;0;0
06-14-2010 00:21;0;0
06-14-2010 00:22;0;0
06-14-2010 00:23;0;0
06-14-2010 00:24;0;0
06-14-2010 00:25;0;0
06-14-2010 00:26;0;0
06-14-2010 00:27;0;0
06-14-2010 00:28;0;0
06-14-2010 00:29;0;0
06-14-2010 00:30;0;0
06-14-2010 00:31;0;0
06-14-2010 00:32;0;0
06-14-2010 00:33;0;0
06-14-2010 00:34;0;0
06-14-2010 00:35;0;0
06-14-2010 00:36;0;0
06-14-2010 00:37;0;0
06-14-2010 00:38;0;0
06-14-2010 00:39;0;0
06-14-2010 00:40;0;0
06-14-2010 00:41;0;0
06-14-2010 00:42;0;0
06-14-2010 00:43;0;0
06-14-2010 00:44;0;0
06-14-2010 00:45;0;0
06-14-2010 00:46;0;0
06-14-2010 00:47;0;0
06-14-2010 00:48;0;0
06-14-2010 00:49;0;0
06-14-2010 00:50;0;0
06-14-2010 00:51;0;0
06-14-2010 00:52;0;0
06-14-2010 00:53;0;0
06-14-2010 00:54;76;0
06-14-2010 00:55;0;0
06-14-2010 00:56;0;0
06-14-2010 00:57;0;0
06-14-2010 00:58;0;0
06-14-2010 00:59;0;0
06-14-2010 01:00;0;0
06-14-2010 01:01;0;0
06-14-2010 01:02;0;0
06-14-2010 01:03;0;0
06-14-2010 01:04;0;0
06-14-2010 01:05;0;0
06-14-2010 01:06;0;0
06-14-2010 01:07;0;0
06-14-2010 01:08;0;0
06-14-2010 01:09;0;0
06-14-2010 01:10;0;0
06-14-2010 01:11;0;0
06-14-2010 01:12;0;0
06-14-2010 01:13;0;0
06-14-2010 01:14;0;0
06-14-2010 01:15;0;0
06-14-2010 01:16;0;0
06-14-2010 01:17;0;0
06-14-2010 01:18;0;0
06-14-2010 01:19;0;0
06-14-2010 01:20;0;0
06-14-2010 01:21;0;0
06-14-2010 01:22;0;0
06-14-2010 01:23;0;0
06-14-2010 01:24;55;0
06-14-2010 01:25;0;0
06-14-2010 01:26;0;0
06-14-2010 01:27;0;0
06-14-2010 01:28;0;0
06-14-2010 01:29;0;0
06-14-2010 01:30;0;0
06-14-2010 01:31;0;0
06-14-2010 01:32;0;0
06-14-2010 01:33;0;0
06-14-2010 01:34;0;0
06-14-2010 01:35;0;0
06-14-2010 01:36;0;0
06-14-2010 01:37;0;0
06-14-2010 01:38;0;0
06-14-2010 01:39;0;0
06-14-2010 01:40;0;0
06-14-2010 01:41;0;0
06-14-2010 01:42;0;0
06-14-2010 01:43;0;0
06-14-2010 01:44;0;0
06-14-2010 01:45;0;0
06-14-2010 01:46;0;0
06-14-2010 01:47;0;0
06-14-2010 01:48;0;0
06-14-2010 01:49;0;0
06-14-2010 01:50;0;0
06-14-2010 01:51;0;0
06-14-2010 01:52;0;0
06-14-2010 01:53;0;0
06-14-2010 01:54;0;0
06-14-2010 01:55;0;0
06-14-2010 01:56;0;0
06-14-2010 01:57;0;0
06-14-2010 01:58;0;0
06-14-2010 01:59;52;0
06-14-2010 02:00;0;0
06-14-2010 02:01;0;0
06-14-2010 02:02;0;0
06-14-2010 02:03;0;0
06-14-2010 02:04;0;0
06-14-2010 02:05;0;0
06-14-2010 02:06;0;0
06-14-2010 02:07;0;0
06-14-2010 02:08;0;0
06-14-2010 02:09;0;0
06-14-2010 02:10;0;0
06-14-2010 02:11;0;0
06-14-2010 02:12;0;0
06-14-2010 02:13;0;0
06-14-2010 02:14;209;0
06-14-2010 02:15;0;0
06-14-2010 02:16;0;0
06-14-2010 02:17;0;0
06-14-2010 02:18;0;0
06-14-2010 02:19;0;0
06-14-2010 02:20;0;0
06-14-2010 02:21;0;0
06-14-2010 02:22;0;0
06-14-2010 02:23;0;0
06-14-2010 02:24;0;0
06-14-2010 02:25;0;0
06-14-2010 02:26;0;0
06-14-2010 02:27;0;0
06-14-2010 02:28;0;0
06-14-2010 02:29;0;0
06-14-2010 02:30;0;0
06-14-2010 02:31;0;0
06-14-2010 02:32;0;0
06-14-2010 02:33;0;0
06-14-2010 02:34;0;0
06-14-2010 02:35;0;0
06-14-2010 02:36;0;0
06-14-2010 02:37;0;0
06-14-2010 02:38;0;0
06-14-2010 02:39;54;0
06-14-2010 02:40;0;0
06-14-2010 02:41;232;0
06-14-2010 02:42;0;0
06-14-2010 02:43;0;0
06-14-2010 02:44;0;0
06-14-2010 02:45;0;0
06-14-2010 02:46;0;0
06-14-2010 02:47;0;0
06-14-2010 02:48;0;0
06-14-2010 02:49;0;0
06-14-2010 02:50;0;0
06-14-2010 02:51;0;0
06-14-2010 02:52;0;0
06-14-2010 02:53;0;0
06-14-2010 02:54;116;0
06-14-2010 02:55;73;0
06-14-2010 02:56;0;0
06-14-2010 02:57;0;0
06-14-2010 02:58;0;0
06-14-2010 02:59;0;0
06-14-2010 03:00;0;0
06-14-2010 03:01;0;0
06-14-2010 03:02;0;0
06-14-2010 03:03;0;0
06-14-2010 03:04;0;0
06-14-2010 03:05;0;0
06-14-2010 03:06;0;0
06-14-2010 03:07;0;0
06-14-2010 03:08;147;0
06-14-2010 03:09;5;0
06-14-2010 03:10;116;0
06-14-2010 03:11;0;0
06-14-2010 03:12;0;0
06-14-2010 03:13;0;0
06-14-2010 03:14;0;0
06-14-2010 03:15;0;0
06-14-2010 03:16;0;0
06-14-2010 03:17;0;0
06-14-2010 03:18;0;0
06-14-2010 03:19;0;0
06-14-2010 03:20;126;0
06-14-2010 03:21;0;0
06-14-2010 03:22;0;0
06-14-2010 03:23;0;0
06-14-2010 03:24;0;0
06-14-2010 03:25;0;0
06-14-2010 03:26;0;0
06-14-2010 03:27;38;0
06-14-2010 03:28;7;0
06-14-2010 03:29;0;0
06-14-2010 03:30;0;0
06-14-2010 03:31;62;0
06-14-2010 03:32;0;0
06-14-2010 03:33;0;0
06-14-2010 03:34;0;0
06-14-2010 03:35;0;0
06-14-2010 03:36;0;0
06-14-2010 03:37;0;0
06-14-2010 03:38;0;0
06-14-2010 03:39;0;0
06-14-2010 03:40;93;0
06-14-2010 03:41;0;0
06-14-2010 03:42;0;0
06-14-2010 03:43;0;0
06-14-2010 03:44;0;0
06-14-2010 03:45;0;0
06-14-2010 03:46;0;0
06-14-2010 03:47;0;0
06-14-2010 03:48;0;0
06-14-2010 03:49;0;0
06-14-2010 03:50;0;0
06-14-2010 03:51;294;0
06-14-2010 03:52;0;0
06-14-2010 03:53;0;0
06-14-2010 03:54;0;0
06-14-2010 03:55;142;0
06-14-2010 03:56;0;0
06-14-2010 03:57;0;0
06-14-2010 03:58;0;0
06-14-2010 03:59;0;0
06-14-2010 04:00;0;0
06-14-2010 04:01;22;0
06-14-2010 04:02;0;0
06-14-2010 04:03;0;0
06-14-2010 04:04;0;0
06-14-2010 04:05;0;0
06-14-2010 04:06;0;0
06-14-2010 04:07;0;0
06-14-2010 04:08;0;0
06-14-2010 04:09;0;0
06-14-2010 04:10;0;0
06-14-2010 04:11;157;0
06-14-2010 04:12;9;0
06-14-2010 04:13;0;0
06-14-2010 04:14;0;0
06-14-2010 04:15;0;0
06-14-2010 04:16;0;0
06-14-2010 04:17;0;0
06-14-2010 04:18;0;0
06-14-2010 04:19;0;0
06-14-2010 04:20;0;0
06-14-2010 04:21;0;0
06-14-2010 04:22;0;0
06-14-2010 04:23;0;0
06-14-2010 04:24;0;0
06-14-2010 04:25;0;0
06-14-2010 04:26;0;0
06-14-2010 04:27;0;0
06-14-2010 04:28;0;0
06-14-2010 04:29;0;0
06-14-2010 04:30;0;0
06-14-2010 04:31;0;0
06-14-2010 04:32;0;0
06-14-2010 04:33;0;0
06-14-2010 04:34;0;0
06-14-2010 04:35;0;0
06-14-2010 04:36;0;0
06-14-2010 04:37;0;0
06-14-2010 04:38;0;0
06-14-2010 04:39;0;0
06-14-2010 04:40;0;0
06-14-2010 04:41;0;0
06-14-2010 04:42;0;0
06-14-2010 04:43;0;0
06-14-2010 04:44;0;0
06-14-2010 04:45;0;0
06-14-2010 04:46;0;0
06-14-2010 04:47;0;0
06-14-2010 04:48;0;0
06-14-2010 04:49;0;0
06-14-2010 04:50;0;0
06-14-2010 04:51;0;0
06-14-2010 04:52;0;0
06-14-2010 04:53;0;0
06-14-2010 04:54;0;0
06-14-2010 04:55;0;0
06-14-2010 04:56;0;0
06-14-2010 04:57;0;0
06-14-2010 04:58;0;0
06-14-2010 04:59;0;0
06-14-2010 05:00;0;0
06-14-2010 05:01;0;0
06-14-2010 05:02;0;0
06-14-2010 05:03;0;0
06-14-2010 05:04;0;0
06-14-2010 05:05;0;0
06-14-2010 05:06;0;0
06-14-2010 05:07;0;0
06-14-2010 05:08;0;0
06-14-2010 05:09;0;0
06-14-2010 05:10;0;0
06-14-2010 05:11;0;0
06-14-2010 05:12;0;0
06-14-2010 05:13;0;0
06-14-2010 05:14;0;0
06-14-2010 05:15;0;0
06-14-2010 05:16;12;0
06-14-2010 05:17;0;0
06-14-2010 05:18;0;0
06-14-2010 05:19;0;0
06-14-2010 05:20;0;0
06-14-2010 05:21;0;0
06-14-2010 05:22;0;0
06-14-2010 05:23;0;0
06-14-2010 05:24;0;0
06-14-2010 05:25;33;0
06-14-2010 05:26;54;0
06-14-2010 05:27;0;0
06-14-2010 05:28;0;0
06-14-2010 05:29;0;0
06-14-2010 05:30;0;0
06-14-2010 05:31;0;0
06-14-2010 05:32;0;0
06-14-2010 05:33;55;0
06-14-2010 05:34;0;0
06-14-2010 05:35;0;0
06-14-2010 05:36;0;0
06-14-2010 05:37;0;0
06-14-2010 05:38;0;0
06-14-2010 05:39;0;0
06-14-2010 05:40;0;0
06-14-2010 05:41;0;0
06-14-2010 05:42;0;0
06-14-2010 05:43;0;0
06-14-2010 05:44;275;0
06-14-2010 05:45;0;0
06-14-2010 05:46;0;0
06-14-2010 05:47;3;0
06-14-2010 05:48;0;0
06-14-2010 05:49;0;0
06-14-2010 05:50;0;0
06-14-2010 05:51;0;0
06-14-2010 05:52;0;0
06-14-2010 05:53;0;0
06-14-2010 05:54;0;0
06-14-2010 05:55;0;0
06-14-2010 05:56;0;0
06-14-2010 05:57;0;0
06-14-2010 05:58;0;0
06-14-2010 05:59;0;0
06-14-2010 06:00;0;0
06-14-2010 06:01;0;0
06-14-2010 06:02;0;0
06-14-2010 06:03;0;0
06-14-2010 06:04;0;0
06-14-2010 06:05;0;0
06-14-2010 06:06;0;0
06-14-2010 06:07;0;0
06-14-2010 06:08;0;0
06-14-2010 06:09;0;0
06-14-2010 06:10;0;0
06-14-2010 06:11;0;0
06-14-2010 06:12;0;0
06-14-2010 06:13;69;0
06-14-2010 06:14;0;0
06-14-2010 06:15;0;0
06-14-2010 06:16;0;0
06-14-2010 06:17;0;0
06-14-2010 06:18;0;0
06-14-2010 06:19;0;0
06-14-2010 06:20;104;0
06-14-2010 06:21;0;0
06-14-2010 06:22;605;0
06-14-2010 06:23;0;0
06-14-2010 06:24;688;0
06-14-2010 06:25;232;0
06-14-2010 06:26;12;0
06-14-2010 06:27;0;0
06-14-2010 06:28;31;0
06-14-2010 06:29;0;0
06-14-2010 06:30;175;0
06-14-2010 06:31;0;0
06-14-2010 06:32;0;0
06-14-2010 06:33;0;0
06-14-2010 06:34;232;0
06-14-2010 06:35;76;0
06-14-2010 06:36;7;0
06-14-2010 06:37;0;0
06-14-2010 06:38;17;0
06-14-2010 06:39;0;0
06-14-2010 06:40;0;0
06-14-2010 06:41;0;0
06-14-2010 06:42;100;0
06-14-2010 06:43;47;0
06-14-2010 06:44;336;0
06-14-2010 06:45;9;0
06-14-2010 06:46;0;0
06-14-2010 06:47;0;0
06-14-2010 06:48;0;0
06-14-2010 06:49;121;0
06-14-2010 06:50;59;0
06-14-2010 06:51;0;0
06-14-2010 06:52;0;0
06-14-2010 06:53;7;0
06-14-2010 06:54;76;0
06-14-2010 06:55;451;0
06-14-2010 06:56;3;0
06-14-2010 06:57;0;0
06-14-2010 06:58;10;0
06-14-2010 06:59;12;0
06-14-2010 07:00;0;0
06-14-2010 07:01;3;0
06-14-2010 07:02;5;0
06-14-2010 07:03;3;0
06-14-2010 07:04;0;0
06-14-2010 07:05;336;0
06-14-2010 07:06;605;0
06-14-2010 07:07;0;0
06-14-2010 07:08;42;0
06-14-2010 07:09;0;0
06-14-2010 07:10;0;0
06-14-2010 07:11;19;0
06-14-2010 07:12;0;0
06-14-2010 07:13;0;0
06-14-2010 07:14;0;0
06-14-2010 07:15;202;0
06-14-2010 07:16;0;0
06-14-2010 07:17;0;0
06-14-2010 07:18;0;0
06-14-2010 07:19;0;0
06-14-2010 07:20;0;0
06-14-2010 07:21;0;0
06-14-2010 07:22;0;0
06-14-2010 07:23;0;0
06-14-2010 07:24;0;0
06-14-2010 07:25;69;0
06-14-2010 07:26;100;0
06-14-2010 07:27;0;0
06-14-2010 07:28;223;0
06-14-2010 07:29;12;0
06-14-2010 07:30;0;0
06-14-2010 07:31;0;0
06-14-2010 07:32;0;0
06-14-2010 07:33;0;0
06-14-2010 07:34;0;0
06-14-2010 07:35;0;0
06-14-2010 07:36;40;0
06-14-2010 07:37;0;0
06-14-2010 07:38;0;0
06-14-2010 07:39;0;0
06-14-2010 07:40;0;0
06-14-2010 07:41;16;0
06-14-2010 07:42;0;0
06-14-2010 07:43;0;0
06-14-2010 07:44;0;0
06-14-2010 07:45;0;0
06-14-2010 07:46;0;0
06-14-2010 07:47;0;0
06-14-2010 07:48;0;0
06-14-2010 07:49;0;0
06-14-2010 07:50;0;0
06-14-2010 07:51;0;0
06-14-2010 07:52;0;0
06-14-2010 07:53;0;0
06-14-2010 07:54;0;0
06-14-2010 07:55;0;0
06-14-2010 07:56;0;0
06-14-2010 07:57;0;0
06-14-2010 07:58;0;0
06-14-2010 07:59;0;0
06-14-2010 08:00;0;0
06-14-2010 08:01;0;0
06-14-2010 08:02;0;0
06-14-2010 08:03;0;0
06-14-2010 08:04;0;0
06-14-2010 08:05;0;0
06-14-2010 08:06;0;0
06-14-2010 08:07;0;0
06-14-2010 08:08;93;0
06-14-2010 08:09;0;0
06-14-2010 08:10;0;0
06-14-2010 08:11;0;0
06-14-2010 08:12;0;0
06-14-2010 08:13;0;0
06-14-2010 08:14;0;0
06-14-2010 08:15;0;0
06-14-2010 08:16;0;0
06-14-2010 08:17;0;0
06-14-2010 08:18;0;0
06-14-2010 08:19;0;0
06-14-2010 08:20;0;0
06-14-2010 08:21;0;0
06-14-2010 08:22;0;0
06-14-2010 08:23;0;0
06-14-2010 08:24;0;0
06-14-2010 08:25;0;0
06-14-2010 08:26;48;0
06-14-2010 08:27;0;0
06-14-2010 08:28;0;0
06-14-2010 08:29;0;0
06-14-2010 08:30;0;0
06-14-2010 08:31;0;0
06-14-2010 08:32;0;0
06-14-2010 08:33;0;0
06-14-2010 08:34;0;0
06-14-2010 08:35;0;0
06-14-2010 08:36;0;0
06-14-2010 08:37;0;0
06-14-2010 08:38;0;0
06-14-2010 08:39;0;0
06-14-2010 08:40;0;0
06-14-2010 08:41;0;0
06-14-2010 08:42;0;0
06-14-2010 08:43;0;0
06-14-2010 08:44;0;0
06-14-2010 08:45;0;0
06-14-2010 08:46;0;0
06-14-2010 08:47;0;0
06-14-2010 08:48;0;0
06-14-2010 08:49;0;0
06-14-2010 08:50;0;0
06-14-2010 08:51;0;0
06-14-2010 08:52;0;0
06-14-2010 08:53;0;0
06-14-2010 08:54;0;0
06-14-2010 08:55;0;0
06-14-2010 08:56;0;0
06-14-2010 08:57;0;0
06-14-2010 08:58;0;0
06-14-2010 08:59;0;0
06-14-2010 09:00;0;0
06-14-2010 09:01;0;0
06-14-2010 09:02;0;0
06-14-2010 09:03;0;0
06-14-2010 09:04;0;0
06-14-2010 09:05;0;0
06-14-2010 09:06;0;0
06-14-2010 09:07;0;0
06-14-2010 09:08;0;0
06-14-2010 09:09;0;0
06-14-2010 09:10;0;0
06-14-2010 09:11;0;0
06-14-2010 09:12;0;0
06-14-2010 09:13;0;0
06-14-2010 09:14;59;0
06-14-2010 09:15;83;0
06-14-2010 09:16;0;0
06-14-2010 09:17;0;0
06-14-2010 09:18;0;0
06-14-2010 09:19;0;0
06-14-2010 09:20;0;0
06-14-2010 09:21;0;0
06-14-2010 09:22;0;0
06-14-2010 09:23;0;0
06-14-2010 09:24;0;0
06-14-2010 09:25;0;0
06-14-2010 09:26;0;0
06-14-2010 09:27;0;0
06-14-2010 09:28;0;0
06-14-2010 09:29;0;0
06-14-2010 09:30;0;0
06-14-2010 09:31;0;0
06-14-2010 09:32;21;0
06-14-2010 09:33;0;0
06-14-2010 09:34;0;0
06-14-2010 09:35;93;0
06-14-2010 09:36;0;0
06-14-2010 09:37;0;0
06-14-2010 09:38;0;0
06-14-2010 09:39;5;0
06-14-2010 09:40;0;0
06-14-2010 09:41;0;0
06-14-2010 09:42;0;0
06-14-2010 09:43;0;0
06-14-2010 09:44;0;0
06-14-2010 09:45;0;0
06-14-2010 09:46;83;0
06-14-2010 09:47;0;0
06-14-2010 09:48;0;0
06-14-2010 09:49;0;0
06-14-2010 09:50;38;0
06-14-2010 09:51;467;0
06-14-2010 09:52;567;0
06-14-2010 09:53;348;0
06-14-2010 09:54;1110;1
06-14-2010 09:55;808;0
06-14-2010 09:56;111;0
06-14-2010 09:57;498;0
06-14-2010 09:58;467;0
06-14-2010 09:59;24;0
06-14-2010 10:00;483;0
06-14-2010 10:01;1221;1
06-14-2010 10:02;1010;0
06-14-2010 10:03;645;0
06-14-2010 10:04;137;0
06-14-2010 10:05;275;0
06-14-2010 10:06;35;0
06-14-2010 10:07;258;0
06-14-2010 10:08;498;0
06-14-2010 10:09;711;0
06-14-2010 10:10;42;0
06-14-2010 10:11;14;0
06-14-2010 10:12;336;0
06-14-2010 10:13;21;0
06-14-2010 10:14;50;0
06-14-2010 10:15;116;0
06-14-2010 10:16;586;0
06-14-2010 10:17;782;0
06-14-2010 10:18;325;0
06-14-2010 10:19;688;0
06-14-2010 10:20;483;0
06-14-2010 10:21;567;0
06-14-2010 10:22;498;0
06-14-2010 10:23;396;0
06-14-2010 10:24;294;0
06-14-2010 10:25;325;0
06-14-2010 10:26;142;0
06-14-2010 10:27;586;0
06-14-2010 10:28;50;0
06-14-2010 10:29;258;0
06-14-2010 10:30;90;0
06-14-2010 10:31;121;0
06-14-2010 10:32;40;0
06-14-2010 10:33;202;0
06-14-2010 10:34;116;0
06-14-2010 10:35;66;0
06-14-2010 10:36;515;0
06-14-2010 10:37;586;0
06-14-2010 10:38;384;0
06-14-2010 10:39;396;0
06-14-2010 10:40;410;0
06-14-2010 10:41;0;0
06-14-2010 10:42;21;0
06-14-2010 10:43;97;0
06-14-2010 10:44;550;0
06-14-2010 10:45;232;0
06-14-2010 10:46;216;0
06-14-2010 10:47;195;0
06-14-2010 10:48;157;0
06-14-2010 10:49;121;0
06-14-2010 10:50;50;0
06-14-2010 10:51;209;0
06-14-2010 10:52;12;0
06-14-2010 10:53;36;0
06-14-2010 10:54;28;0
06-14-2010 10:55;116;0
06-14-2010 10:56;33;0
06-14-2010 10:57;54;0
06-14-2010 10:58;9;0
06-14-2010 10:59;28;0
06-14-2010 11:00;26;0
06-14-2010 11:01;3;0
06-14-2010 11:02;3;0
06-14-2010 11:03;62;0
06-14-2010 11:04;24;0
06-14-2010 11:05;22;0
06-14-2010 11:06;62;0
06-14-2010 11:07;451;0
06-14-2010 11:08;605;0
06-14-2010 11:09;733;0
06-14-2010 11:10;645;0
06-14-2010 11:11;266;0
06-14-2010 11:12;195;0
06-14-2010 11:13;175;0
06-14-2010 11:14;35;0
06-14-2010 11:15;42;0
06-14-2010 11:16;50;0
06-14-2010 11:17;59;0
06-14-2010 11:18;93;0
06-14-2010 11:19;0;0
06-14-2010 11:20;202;0
06-14-2010 11:21;40;0
06-14-2010 11:22;189;0
06-14-2010 11:23;605;0
06-14-2010 11:24;10;0
06-14-2010 11:25;90;0
06-14-2010 11:26;0;0
06-14-2010 11:27;73;0
06-14-2010 11:28;31;0
06-14-2010 11:29;48;0
06-14-2010 11:30;5;0
06-14-2010 11:31;62;0
06-14-2010 11:32;3;0
06-14-2010 11:33;0;0
06-14-2010 11:34;14;0
06-14-2010 11:35;10;0
06-14-2010 11:36;410;0
06-14-2010 11:37;29;0
06-14-2010 11:38;0;0
06-14-2010 11:39;33;0
06-14-2010 11:40;21;0
06-14-2010 11:41;0;0
06-14-2010 11:42;80;0
06-14-2010 11:43;0;0
06-14-2010 11:44;0;0
06-14-2010 11:45;0;0
06-14-2010 11:46;0;0
06-14-2010 11:47;54;0
06-14-2010 11:48;50;0
06-14-2010 11:49;189;0
06-14-2010 11:50;9;0
06-14-2010 11:51;147;0
06-14-2010 11:52;0;0
06-14-2010 11:53;9;0
06-14-2010 11:54;28;0
06-14-2010 11:55;0;0
06-14-2010 11:56;0;0
06-14-2010 11:57;3;0
06-14-2010 11:58;0;0
06-14-2010 11:59;0;0
06-14-2010 12:00;0;0
06-14-2010 12:01;0;0
06-14-2010 12:02;0;0
06-14-2010 12:03;12;0
06-14-2010 12:04;258;0
06-14-2010 12:05;889;0
06-14-2010 12:06;861;0
06-14-2010 12:07;1183;1
06-14-2010 12:08;889;0
06-14-2010 12:09;782;0
06-14-2010 12:10;758;0
06-14-2010 12:11;1342;1
06-14-2010 12:12;372;0
06-14-2010 12:13;1522;1
06-14-2010 12:14;1110;1
06-14-2010 12:15;1183;1
06-14-2010 12:16;733;0
06-14-2010 12:17;979;0
06-14-2010 12:18;1183;1
06-14-2010 12:19;1147;1
06-14-2010 12:20;688;0
06-14-2010 12:21;834;0
06-14-2010 12:22;666;0
06-14-2010 12:23;758;0
06-14-2010 12:24;182;0
06-14-2010 12:25;0;0
06-14-2010 12:26;3;0
06-14-2010 12:27;80;0
06-14-2010 12:28;7;0
06-14-2010 12:29;0;0
06-14-2010 12:30;17;0
06-14-2010 12:31;93;0
06-14-2010 12:32;83;0
06-14-2010 12:33;5;0
06-14-2010 12:34;209;0
06-14-2010 12:35;624;0
06-14-2010 12:36;55;0
06-14-2010 12:37;605;0
06-14-2010 12:38;2759;1
06-14-2010 12:39;3880;1
06-14-2010 12:40;711;0
06-14-2010 12:41;131;0
06-14-2010 12:42;45;0
06-14-2010 12:43;7;0
06-14-2010 12:44;0;0
06-14-2010 12:45;0;0
06-14-2010 12:46;17;0
06-14-2010 12:47;782;0
06-14-2010 12:48;1010;0
06-14-2010 12:49;688;0
06-14-2010 12:50;275;0
06-14-2010 12:51;834;0
06-14-2010 12:52;515;0
06-14-2010 12:53;315;0
06-14-2010 12:54;223;0
06-14-2010 12:55;258;0
06-14-2010 12:56;515;0
06-14-2010 12:57;142;0
06-14-2010 12:58;216;0
06-14-2010 12:59;258;0
06-14-2010 13:00;9;0
06-14-2010 13:01;0;0
06-14-2010 13:02;9;0
06-14-2010 13:03;19;0
06-14-2010 13:04;315;0
06-14-2010 13:05;834;0
06-14-2010 13:06;733;0
06-14-2010 13:07;1043;0
06-14-2010 13:08;889;0
06-14-2010 13:09;567;0
06-14-2010 13:10;1221;1
06-14-2010 13:11;605;0
06-14-2010 13:12;2935;1
06-14-2010 13:13;2513;1
06-14-2010 13:14;1342;1
06-14-2010 13:15;1110;1
06-14-2010 13:16;1221;1
06-14-2010 13:17;1782;1
06-14-2010 13:18;4259;1
06-14-2010 13:19;1522;1
06-14-2010 13:20;1839;1
06-14-2010 13:21;2935;1
06-14-2010 13:22;3222;1
06-14-2010 13:23;1475;1
06-14-2010 13:24;1221;1
06-14-2010 13:25;2935;1
06-14-2010 13:26;2845;1
06-14-2010 13:27;2020;1
06-14-2010 13:28;1221;1
06-14-2010 13:29;758;0
06-14-2010 13:30;438;0
06-14-2010 13:31;240;0
06-14-2010 13:32;2845;1
06-14-2010 13:33;2845;1
06-14-2010 13:34;2361;1
06-14-2010 13:35;758;0
06-14-2010 13:36;9;0
06-14-2010 13:37;384;0
06-14-2010 13:38;1301;1
06-14-2010 13:39;1221;1
06-14-2010 13:40;1221;1
06-14-2010 13:41;2674;1
06-14-2010 13:42;2435;1
06-14-2010 13:43;2084;1
06-14-2010 13:44;1430;1
06-14-2010 13:45;808;0
06-14-2010 13:46;0;0
06-14-2010 13:47;93;0
06-14-2010 13:48;3;0
06-14-2010 13:49;0;0
06-14-2010 13:50;0;0
06-14-2010 13:51;0;0
06-14-2010 13:52;0;0
06-14-2010 13:53;0;0
06-14-2010 13:54;12;0
06-14-2010 13:55;0;0
06-14-2010 13:56;0;0
06-14-2010 13:57;315;0
06-14-2010 13:58;1898;1
06-14-2010 13:59;2150;1
06-14-2010 14:00;2435;1
06-14-2010 14:01;1839;1
06-14-2010 14:02;1301;1
06-14-2010 14:03;1475;1
06-14-2010 14:04;1673;1
06-14-2010 14:05;2513;1
06-14-2010 14:06;2288;1
06-14-2010 14:07;1147;1
06-14-2010 14:08;1110;1
06-14-2010 14:09;979;0
06-14-2010 14:10;2845;1
06-14-2010 14:11;2084;1
06-14-2010 14:12;1673;1
06-14-2010 14:13;1301;1
06-14-2010 14:14;1261;1
06-14-2010 14:15;1898;1
06-14-2010 14:16;1726;1
06-14-2010 14:17;2288;1
06-14-2010 14:18;1183;1
06-14-2010 14:19;182;0
06-14-2010 14:20;90;0
06-14-2010 14:21;202;0
06-14-2010 14:22;1898;1
06-14-2010 14:23;2845;1
06-14-2010 14:24;1673;1
06-14-2010 14:25;1571;1
06-14-2010 14:26;3029;1
06-14-2010 14:27;3029;1
06-14-2010 14:28;2435;1
06-14-2010 14:29;2150;1
06-14-2010 14:30;2288;1
06-14-2010 14:31;1430;1
06-14-2010 14:32;1010;0
06-14-2010 14:33;1475;1
06-14-2010 14:34;1076;0
06-14-2010 14:35;1571;1
06-14-2010 14:36;948;0
06-14-2010 14:37;1043;0
06-14-2010 14:38;1726;1
06-14-2010 14:39;1261;1
06-14-2010 14:40;2084;1
06-14-2010 14:41;157;0
06-14-2010 14:42;2288;1
06-14-2010 14:43;2513;1
06-14-2010 14:44;586;0
06-14-2010 14:45;1673;1
06-14-2010 14:46;1522;1
06-14-2010 14:47;3762;1
06-14-2010 14:48;1430;1
06-14-2010 14:49;396;0
06-14-2010 14:50;624;0
06-14-2010 14:51;182;0
06-14-2010 14:52;275;0
06-14-2010 14:53;567;0
06-14-2010 14:54;284;0
06-14-2010 14:55;126;0
06-14-2010 14:56;758;0
06-14-2010 14:57;711;0
06-14-2010 14:58;808;0
06-14-2010 14:59;1010;0
06-14-2010 15:00;645;0
06-14-2010 15:01;605;0
06-14-2010 15:02;424;0
06-14-2010 15:03;424;0
06-14-2010 15:04;711;0
06-14-2010 15:05;396;0
06-14-2010 15:06;182;0
06-14-2010 15:07;348;0
06-14-2010 15:08;38;0
06-14-2010 15:09;249;0
06-14-2010 15:10;147;0
06-14-2010 15:11;861;0
06-14-2010 15:12;83;0
06-14-2010 15:13;266;0
06-14-2010 15:14;258;0
06-14-2010 15:15;14;0
06-14-2010 15:16;52;0
06-14-2010 15:17;0;0
06-14-2010 15:18;0;0
06-14-2010 15:19;424;0
06-14-2010 15:20;834;0
06-14-2010 15:21;1043;0
06-14-2010 15:22;758;0
06-14-2010 15:23;645;0
06-14-2010 15:24;758;0
06-14-2010 15:25;605;0
06-14-2010 15:26;284;0
06-14-2010 15:27;93;0
06-14-2010 15:28;567;0
06-14-2010 15:29;240;0
06-14-2010 15:30;249;0
06-14-2010 15:31;325;0
06-14-2010 15:32;189;0
06-14-2010 15:33;14;0
06-14-2010 15:34;26;0
06-14-2010 15:35;10;0
06-14-2010 15:36;498;0
06-14-2010 15:37;396;0
06-14-2010 15:38;605;0
06-14-2010 15:39;498;0
06-14-2010 15:40;258;0
06-14-2010 15:41;76;0
06-14-2010 15:42;0;0
06-14-2010 15:43;294;0
06-14-2010 15:44;223;0
06-14-2010 15:45;202;0
06-14-2010 15:46;258;0
06-14-2010 15:47;163;0
06-14-2010 15:48;182;0
06-14-2010 15:49;0;0
06-14-2010 15:50;21;0
06-14-2010 15:51;152;0
06-14-2010 15:52;142;0
06-14-2010 15:53;121;0
06-14-2010 15:54;189;0
06-14-2010 15:55;93;0
06-14-2010 15:56;223;0
06-14-2010 15:57;189;0
06-14-2010 15:58;1475;1
06-14-2010 15:59;1110;1
06-14-2010 16:00;424;0
06-14-2010 16:01;33;0
06-14-2010 16:02;0;0
06-14-2010 16:03;0;0
06-14-2010 16:04;424;0
06-14-2010 16:05;209;0
06-14-2010 16:06;294;0
06-14-2010 16:07;40;0
06-14-2010 16:08;216;0
06-14-2010 16:09;325;0
06-14-2010 16:10;567;0
06-14-2010 16:11;275;0
06-14-2010 16:12;249;0
06-14-2010 16:13;249;0
06-14-2010 16:14;14;0
06-14-2010 16:15;3;0
06-14-2010 16:16;137;0
06-14-2010 16:17;116;0
06-14-2010 16:18;3;0
06-14-2010 16:19;202;0
06-14-2010 16:20;16;0
06-14-2010 16:21;7;0
06-14-2010 16:22;42;0
06-14-2010 16:23;3;0
06-14-2010 16:24;232;0
06-14-2010 16:25;567;0
06-14-2010 16:26;0;0
06-14-2010 16:27;216;0
06-14-2010 16:28;1110;1
06-14-2010 16:29;266;0
06-14-2010 16:30;1147;1
06-14-2010 16:31;0;0
06-14-2010 16:32;14;0
06-14-2010 16:33;0;0
06-14-2010 16:34;69;0
06-14-2010 16:35;38;0
06-14-2010 16:36;66;0
06-14-2010 16:37;83;0
06-14-2010 16:38;48;0
06-14-2010 16:39;284;0
06-14-2010 16:40;182;0
06-14-2010 16:41;249;0
06-14-2010 16:42;116;0
06-14-2010 16:43;0;0
06-14-2010 16:44;104;0
06-14-2010 16:45;0;0
06-14-2010 16:46;0;0
06-14-2010 16:47;0;0
06-14-2010 16:48;1043;0
06-14-2010 16:49;861;0
06-14-2010 16:50;733;0
06-14-2010 16:51;1839;1
06-14-2010 16:52;1342;1
06-14-2010 16:53;758;0
06-14-2010 16:54;666;0
06-14-2010 16:55;28;0
06-14-2010 16:56;59;0
06-14-2010 16:57;3;0
06-14-2010 16:58;26;0
06-14-2010 16:59;28;0
06-14-2010 17:00;35;0
06-14-2010 17:01;147;0
06-14-2010 17:02;28;0
06-14-2010 17:03;62;0
06-14-2010 17:04;38;0
06-14-2010 17:05;0;0
06-14-2010 17:06;24;0
06-14-2010 17:07;52;0
06-14-2010 17:08;168;0
06-14-2010 17:09;9;0
06-14-2010 17:10;294;0
06-14-2010 17:11;14;0
06-14-2010 17:12;0;0
06-14-2010 17:13;5;0
06-14-2010 17:14;0;0
06-14-2010 17:15;9;0
06-14-2010 17:16;0;0
06-14-2010 17:17;0;0
06-14-2010 17:18;0;0
06-14-2010 17:19;0;0
06-14-2010 17:20;3;0
06-14-2010 17:21;26;0
06-14-2010 17:22;3;0
06-14-2010 17:23;5;0
06-14-2010 17:24;0;0
06-14-2010 17:25;9;0
06-14-2010 17:26;12;0
06-14-2010 17:27;17;0
06-14-2010 17:28;36;0
06-14-2010 17:29;111;0
06-14-2010 17:30;137;0
06-14-2010 17:31;372;0
06-14-2010 17:32;266;0
06-14-2010 17:33;424;0
06-14-2010 17:34;216;0
06-14-2010 17:35;240;0
06-14-2010 17:36;17;0
06-14-2010 17:37;33;0
06-14-2010 17:38;21;0
06-14-2010 17:39;0;0
06-14-2010 17:40;17;0
06-14-2010 17:41;0;0
06-14-2010 17:42;43;0
06-14-2010 17:43;131;0
06-14-2010 17:44;182;0
06-14-2010 17:45;348;0
06-14-2010 17:46;249;0
06-14-2010 17:47;624;0
06-14-2010 17:48;410;0
06-14-2010 17:49;1010;0
06-14-2010 17:50;645;0
06-14-2010 17:51;808;0
06-14-2010 17:52;834;0
06-14-2010 17:53;515;0
06-14-2010 17:54;711;0
06-14-2010 17:55;284;0
06-14-2010 17:56;758;0
06-14-2010 17:57;396;0
06-14-2010 17:58;232;0
06-14-2010 17:59;209;0
06-14-2010 18:00;567;0
06-14-2010 18:01;410;0
06-14-2010 18:02;304;0
06-14-2010 18:03;336;0
06-14-2010 18:04;284;0
06-14-2010 18:05;424;0
06-14-2010 18:06;325;0
06-14-2010 18:07;384;0
06-14-2010 18:08;360;0
06-14-2010 18:09;396;0
06-14-2010 18:10;157;0
06-14-2010 18:11;100;0
06-14-2010 18:12;10;0
06-14-2010 18:13;22;0
06-14-2010 18:14;163;0
06-14-2010 18:15;121;0
06-14-2010 18:16;55;0
06-14-2010 18:17;17;0
06-14-2010 18:18;73;0
06-14-2010 18:19;336;0
06-14-2010 18:20;157;0
06-14-2010 18:21;36;0
06-14-2010 18:22;107;0
06-14-2010 18:23;86;0
06-14-2010 18:24;97;0
06-14-2010 18:25;384;0
06-14-2010 18:26;348;0
06-14-2010 18:27;336;0
06-14-2010 18:28;31;0
06-14-2010 18:29;258;0
06-14-2010 18:30;55;0
06-14-2010 18:31;86;0
06-14-2010 18:32;189;0
06-14-2010 18:33;258;0
06-14-2010 18:34;223;0
06-14-2010 18:35;372;0
06-14-2010 18:36;240;0
06-14-2010 18:37;232;0
06-14-2010 18:38;360;0
06-14-2010 18:39;348;0
06-14-2010 18:40;202;0
06-14-2010 18:41;131;0
06-14-2010 18:42;50;0
06-14-2010 18:43;66;0
06-14-2010 18:44;14;0
06-14-2010 18:45;645;0
06-14-2010 18:46;918;0
06-14-2010 18:47;861;0
06-14-2010 18:48;152;0
06-14-2010 18:49;100;0
06-14-2010 18:50;605;0
06-14-2010 18:51;979;0
06-14-2010 18:52;782;0
06-14-2010 18:53;498;0
06-14-2010 18:54;396;0
06-14-2010 18:55;121;0
06-14-2010 18:56;47;0
06-14-2010 18:57;424;0
06-14-2010 18:58;258;0
06-14-2010 18:59;0;0
06-14-2010 19:00;3;0
06-14-2010 19:01;0;0
06-14-2010 19:02;0;0
06-14-2010 19:03;0;0
06-14-2010 19:04;0;0
06-14-2010 19:05;5;0
06-14-2010 19:06;232;0
06-14-2010 19:07;0;0
06-14-2010 19:08;3;0
06-14-2010 19:09;0;0
06-14-2010 19:10;0;0
06-14-2010 19:11;0;0
06-14-2010 19:12;0;0
06-14-2010 19:13;0;0
06-14-2010 19:14;0;0
06-14-2010 19:15;240;0
06-14-2010 19:16;90;0
06-14-2010 19:17;45;0
06-14-2010 19:18;152;0
06-14-2010 19:19;284;0
06-14-2010 19:20;550;0
06-14-2010 19:21;80;0
06-14-2010 19:22;59;0
06-14-2010 19:23;1301;1
06-14-2010 19:24;733;0
06-14-2010 19:25;315;0
06-14-2010 19:26;0;0
06-14-2010 19:27;0;0
06-14-2010 19:28;17;0
06-14-2010 19:29;3;0
06-14-2010 19:30;76;0
06-14-2010 19:31;0;0
06-14-2010 19:32;31;0
06-14-2010 19:33;43;0
06-14-2010 19:34;17;0
06-14-2010 19:35;7;0
06-14-2010 19:36;0;0
06-14-2010 19:37;36;0
06-14-2010 19:38;12;0
06-14-2010 19:39;29;0
06-14-2010 19:40;0;0
06-14-2010 19:41;47;0
06-14-2010 19:42;55;0
06-14-2010 19:43;1386;1
06-14-2010 19:44;240;0
06-14-2010 19:45;73;0
06-14-2010 19:46;86;0
06-14-2010 19:47;73;0
06-14-2010 19:48;86;0
06-14-2010 19:49;284;0
06-14-2010 19:50;104;0
06-14-2010 19:51;216;0
06-14-2010 19:52;111;0
06-14-2010 19:53;182;0
06-14-2010 19:54;223;0
06-14-2010 19:55;195;0
06-14-2010 19:56;131;0
06-14-2010 19:57;43;0
06-14-2010 19:58;111;0
06-14-2010 19:59;467;0
06-14-2010 20:00;175;0
06-14-2010 20:01;163;0
06-14-2010 20:02;3;0
06-14-2010 20:03;19;0
06-14-2010 20:04;0;0
06-14-2010 20:05;0;0
06-14-2010 20:06;0;0
06-14-2010 20:07;0;0
06-14-2010 20:08;0;0
06-14-2010 20:09;0;0
06-14-2010 20:10;0;0
06-14-2010 20:11;0;0
06-14-2010 20:12;0;0
06-14-2010 20:13;0;0
06-14-2010 20:14;0;0
06-14-2010 20:15;0;0
06-14-2010 20:16;0;0
06-14-2010 20:17;0;0
06-14-2010 20:18;0;0
06-14-2010 20:19;0;0
06-14-2010 20:20;0;0
06-14-2010 20:21;0;0
06-14-2010 20:22;0;0
06-14-2010 20:23;0;0
06-14-2010 20:24;0;0
06-14-2010 20:25;0;0
06-14-2010 20:26;0;0
06-14-2010 20:27;0;0
06-14-2010 20:28;0;0
06-14-2010 20:29;0;0
06-14-2010 20:30;0;0
06-14-2010 20:31;0;0
06-14-2010 20:32;33;0
06-14-2010 20:33;59;0
06-14-2010 20:34;22;0
06-14-2010 20:35;1110;1
06-14-2010 20:36;315;0
06-14-2010 20:37;808;0
06-14-2010 20:38;688;0
06-14-2010 20:39;605;0
06-14-2010 20:40;567;0
06-14-2010 20:41;1010;0
06-14-2010 20:42;758;0
06-14-2010 20:43;889;0
06-14-2010 20:44;93;0
06-14-2010 20:45;35;0
06-14-2010 20:46;175;0
06-14-2010 20:47;62;0
06-14-2010 20:48;19;0
06-14-2010 20:49;19;0
06-14-2010 20:50;55;0
06-14-2010 20:51;19;0
06-14-2010 20:52;948;0
06-14-2010 20:53;733;0
06-14-2010 20:54;240;0
06-14-2010 20:55;163;0
06-14-2010 20:56;93;0
06-14-2010 20:57;17;0
06-14-2010 20:58;28;0
06-14-2010 20:59;16;0
06-14-2010 21:00;14;0
06-14-2010 21:01;0;0
06-14-2010 21:02;10;0
06-14-2010 21:03;22;0
06-14-2010 21:04;36;0
06-14-2010 21:05;3;0
06-14-2010 21:06;10;0
06-14-2010 21:07;22;0
06-14-2010 21:08;0;0
06-14-2010 21:09;62;0
06-14-2010 21:10;43;0
06-14-2010 21:11;284;0
06-14-2010 21:12;97;0
06-14-2010 21:13;48;0
06-14-2010 21:14;76;0
06-14-2010 21:15;17;0
06-14-2010 21:16;16;0
06-14-2010 21:17;55;0
06-14-2010 21:18;424;0
06-14-2010 21:19;733;0
06-14-2010 21:20;137;0
06-14-2010 21:21;157;0
06-14-2010 21:22;157;0
06-14-2010 21:23;80;0
06-14-2010 21:24;0;0
06-14-2010 21:25;336;0
06-14-2010 21:26;336;0
06-14-2010 21:27;83;0
06-14-2010 21:28;14;0
06-14-2010 21:29;0;0
06-14-2010 21:30;396;0
06-14-2010 21:31;586;0
06-14-2010 21:32;979;0
06-14-2010 21:33;498;0
06-14-2010 21:34;5;0
06-14-2010 21:35;5;0
06-14-2010 21:36;467;0
06-14-2010 21:37;147;0
06-14-2010 21:38;0;0
06-14-2010 21:39;69;0
06-14-2010 21:40;0;0
06-14-2010 21:41;86;0
06-14-2010 21:42;0;0
06-14-2010 21:43;0;0
06-14-2010 21:44;0;0
06-14-2010 21:45;275;0
06-14-2010 21:46;325;0
06-14-2010 21:47;3;0
06-14-2010 21:48;0;0
06-14-2010 21:49;0;0
06-14-2010 21:50;0;0
06-14-2010 21:51;104;0
06-14-2010 21:52;0;0
06-14-2010 21:53;22;0
06-14-2010 21:54;14;0
06-14-2010 21:55;163;0
06-14-2010 21:56;0;0
06-14-2010 21:57;3;0
06-14-2010 21:58;0;0
06-14-2010 21:59;0;0
06-14-2010 22:00;0;0
06-14-2010 22:01;0;0
06-14-2010 22:02;0;0
06-14-2010 22:03;3;0
06-14-2010 22:04;0;0
06-14-2010 22:05;195;0
06-14-2010 22:06;80;0
06-14-2010 22:07;36;0
06-14-2010 22:08;26;0
06-14-2010 22:09;348;0
06-14-2010 22:10;3;0
06-14-2010 22:11;232;0
06-14-2010 22:12;36;0
06-14-2010 22:13;40;0
06-14-2010 22:14;55;0
06-14-2010 22:15;137;0
06-14-2010 22:16;157;0
06-14-2010 22:17;131;0
06-14-2010 22:18;52;0
06-14-2010 22:19;195;0
06-14-2010 22:20;66;0
06-14-2010 22:21;624;0
06-14-2010 22:22;21;0
06-14-2010 22:23;189;0
06-14-2010 22:24;0;0
06-14-2010 22:25;5;0
06-14-2010 22:26;3;0
06-14-2010 22:27;0;0
06-14-2010 22:28;0;0
06-14-2010 22:29;0;0
06-14-2010 22:30;396;0
06-14-2010 22:31;733;0
06-14-2010 22:32;666;0
06-14-2010 22:33;1386;1
06-14-2010 22:34;189;0
06-14-2010 22:35;80;0
06-14-2010 22:36;12;0
06-14-2010 22:37;5;0
06-14-2010 22:38;107;0
06-14-2010 22:39;69;0
06-14-2010 22:40;0;0
06-14-2010 22:41;5;0
06-14-2010 22:42;0;0
06-14-2010 22:43;0;0
06-14-2010 22:44;0;0
06-14-2010 22:45;0;0
06-14-2010 22:46;0;0
06-14-2010 22:47;0;0
06-14-2010 22:48;0;0
06-14-2010 22:49;0;0
06-14-2010 22:50;0;0
06-14-2010 22:51;0;0
06-14-2010 22:52;152;0
06-14-2010 22:53;0;0
06-14-2010 22:54;17;0
06-14-2010 22:55;69;0
06-14-2010 22:56;147;0
06-14-2010 22:57;0;0
06-14-2010 22:58;9;0
06-14-2010 22:59;0;0
06-14-2010 23:00;5;0
06-14-2010 23:01;232;0
06-14-2010 23:02;100;0
06-14-2010 23:03;360;0
06-14-2010 23:04;304;0
06-14-2010 23:05;258;0
06-14-2010 23:06;372;0
06-14-2010 23:07;315;0
06-14-2010 23:08;315;0
06-14-2010 23:09;107;0
06-14-2010 23:10;52;0
06-14-2010 23:11;10;0
06-14-2010 23:12;73;0
06-14-2010 23:13;24;0
06-14-2010 23:14;50;0
06-14-2010 23:15;38;0
06-14-2010 23:16;163;0
06-14-2010 23:17;0;0
06-14-2010 23:18;86;0
06-14-2010 23:19;80;0
06-14-2010 23:20;90;0
06-14-2010 23:21;80;0
06-14-2010 23:22;142;0
06-14-2010 23:23;0;0
06-14-2010 23:24;90;0
06-14-2010 23:25;14;0
06-14-2010 23:26;36;0
06-14-2010 23:27;14;0
06-14-2010 23:28;121;0
06-14-2010 23:29;688;0
06-14-2010 23:30;348;0
06-14-2010 23:31;216;0
06-14-2010 23:32;121;0
06-14-2010 23:33;93;0
06-14-2010 23:34;157;0
06-14-2010 23:35;209;0
06-14-2010 23:36;147;0
06-14-2010 23:37;111;0
06-14-2010 23:38;209;0
06-14-2010 23:39;147;0
06-14-2010 23:40;232;0
06-14-2010 23:41;189;0
06-14-2010 23:42;223;0
06-14-2010 23:43;666;0
06-14-2010 23:44;1221;1
06-14-2010 23:45;1010;0
06-14-2010 23:46;348;0
06-14-2010 23:47;45;0
06-14-2010 23:48;83;0
06-14-2010 23:49;137;0
06-14-2010 23:50;5;0
06-14-2010 23:51;111;0
06-14-2010 23:52;69;0
06-14-2010 23:53;76;0
06-14-2010 23:54;62;0
06-14-2010 23:55;66;0
06-14-2010 23:56;163;0
06-14-2010 23:57;304;0
06-14-2010 23:58;438;0
06-14-2010 23:59;0;0
06-15-2010 00:00;48;0
06-15-2010 00:01;43;0
06-15-2010 00:02;42;0
06-15-2010 00:03;10;0
06-15-2010 00:04;0;0
06-15-2010 00:05;0;0
06-15-2010 00:06;209;0
06-15-2010 00:07;0;0
06-15-2010 00:08;0;0
06-15-2010 00:09;0;0
06-15-2010 00:10;209;0
06-15-2010 00:11;0;0
06-15-2010 00:12;0;0
06-15-2010 00:13;0;0
06-15-2010 00:14;100;0
06-15-2010 00:15;483;0
06-15-2010 00:16;55;0
06-15-2010 00:17;9;0
06-15-2010 00:18;0;0
06-15-2010 00:19;0;0
06-15-2010 00:20;0;0
06-15-2010 00:21;0;0
06-15-2010 00:22;0;0
06-15-2010 00:23;147;0
06-15-2010 00:24;47;0
06-15-2010 00:25;22;0
06-15-2010 00:26;0;0
06-15-2010 00:27;24;0
06-15-2010 00:28;12;0
06-15-2010 00:29;189;0
06-15-2010 00:30;0;0
06-15-2010 00:31;69;0
06-15-2010 00:32;45;0
06-15-2010 00:33;0;0
06-15-2010 00:34;0;0
06-15-2010 00:35;0;0
06-15-2010 00:36;0;0
06-15-2010 00:37;0;0
06-15-2010 00:38;0;0
06-15-2010 00:39;0;0
06-15-2010 00:40;0;0
06-15-2010 00:41;0;0
06-15-2010 00:42;0;0
06-15-2010 00:43;0;0
06-15-2010 00:44;0;0
06-15-2010 00:45;0;0
06-15-2010 00:46;0;0
06-15-2010 00:47;0;0
06-15-2010 00:48;0;0
06-15-2010 00:49;0;0
06-15-2010 00:50;0;0
06-15-2010 00:51;0;0
06-15-2010 00:52;0;0
06-15-2010 00:53;0;0
06-15-2010 00:54;0;0
06-15-2010 00:55;0;0
06-15-2010 00:56;0;0
06-15-2010 00:57;0;0
06-15-2010 00:58;0;0
06-15-2010 00:59;0;0
06-15-2010 01:00;0;0
06-15-2010 01:01;0;0
06-15-2010 01:02;0;0
06-15-2010 01:03;48;0
06-15-2010 01:04;0;0
06-15-2010 01:05;0;0
06-15-2010 01:06;0;0
06-15-2010 01:07;0;0
06-15-2010 01:08;0;0
06-15-2010 01:09;0;0
06-15-2010 01:10;0;0
06-15-2010 01:11;0;0
06-15-2010 01:12;0;0
06-15-2010 01:13;0;0
06-15-2010 01:14;0;0
06-15-2010 01:15;131;0
06-15-2010 01:16;0;0
06-15-2010 01:17;0;0
06-15-2010 01:18;0;0
06-15-2010 01:19;0;0
06-15-2010 01:20;0;0
06-15-2010 01:21;0;0
06-15-2010 01:22;0;0
06-15-2010 01:23;3;0
06-15-2010 01:24;0;0
06-15-2010 01:25;0;0
06-15-2010 01:26;0;0
06-15-2010 01:27;0;0
06-15-2010 01:28;0;0
06-15-2010 01:29;0;0
06-15-2010 01:30;0;0
06-15-2010 01:31;12;0
06-15-2010 01:32;0;0
06-15-2010 01:33;0;0
06-15-2010 01:34;0;0
06-15-2010 01:35;0;0
06-15-2010 01:36;0;0
06-15-2010 01:37;0;0
06-15-2010 01:38;0;0
06-15-2010 01:39;0;0
06-15-2010 01:40;0;0
06-15-2010 01:41;0;0
06-15-2010 01:42;0;0
06-15-2010 01:43;0;0
06-15-2010 01:44;0;0
06-15-2010 01:45;0;0
06-15-2010 01:46;0;0
06-15-2010 01:47;0;0
06-15-2010 01:48;0;0
06-15-2010 01:49;0;0
06-15-2010 01:50;0;0
06-15-2010 01:51;0;0
06-15-2010 01:52;0;0
06-15-2010 01:53;0;0
06-15-2010 01:54;0;0
06-15-2010 01:55;0;0
06-15-2010 01:56;0;0
06-15-2010 01:57;0;0
06-15-2010 01:58;0;0
06-15-2010 01:59;0;0
06-15-2010 02:00;0;0
06-15-2010 02:01;0;0
06-15-2010 02:02;0;0
06-15-2010 02:03;0;0
06-15-2010 02:04;0;0
06-15-2010 02:05;76;0
06-15-2010 02:06;22;0
06-15-2010 02:07;59;0
06-15-2010 02:08;0;0
06-15-2010 02:09;0;0
06-15-2010 02:10;0;0
06-15-2010 02:11;0;0
06-15-2010 02:12;0;0
06-15-2010 02:13;0;0
06-15-2010 02:14;59;0
06-15-2010 02:15;0;0
06-15-2010 02:16;0;0
06-15-2010 02:17;0;0
06-15-2010 02:18;0;0
06-15-2010 02:19;0;0
06-15-2010 02:20;16;0
06-15-2010 02:21;0;0
06-15-2010 02:22;0;0
06-15-2010 02:23;0;0
06-15-2010 02:24;0;0
06-15-2010 02:25;0;0
06-15-2010 02:26;0;0
06-15-2010 02:27;0;0
06-15-2010 02:28;0;0
06-15-2010 02:29;0;0
06-15-2010 02:30;0;0
06-15-2010 02:31;0;0
06-15-2010 02:32;0;0
06-15-2010 02:33;73;0
06-15-2010 02:34;0;0
06-15-2010 02:35;0;0
06-15-2010 02:36;0;0
06-15-2010 02:37;0;0
06-15-2010 02:38;0;0
06-15-2010 02:39;0;0
06-15-2010 02:40;0;0
06-15-2010 02:41;0;0
06-15-2010 02:42;0;0
06-15-2010 02:43;28;0
06-15-2010 02:44;10;0
06-15-2010 02:45;0;0
06-15-2010 02:46;0;0
06-15-2010 02:47;0;0
06-15-2010 02:48;0;0
06-15-2010 02:49;73;0
06-15-2010 02:50;5;0
06-15-2010 02:51;0;0
06-15-2010 02:52;0;0
06-15-2010 02:53;0;0
06-15-2010 02:54;0;0
06-15-2010 02:55;0;0
06-15-2010 02:56;0;0
06-15-2010 02:57;0;0
06-15-2010 02:58;10;0
06-15-2010 02:59;19;0
06-15-2010 03:00;0;0
06-15-2010 03:01;0;0
06-15-2010 03:02;0;0
06-15-2010 03:03;73;0
06-15-2010 03:04;0;0
06-15-2010 03:05;0;0
06-15-2010 03:06;0;0
06-15-2010 03:07;0;0
06-15-2010 03:08;0;0
06-15-2010 03:09;0;0
06-15-2010 03:10;0;0
06-15-2010 03:11;0;0
06-15-2010 03:12;0;0
06-15-2010 03:13;0;0
06-15-2010 03:14;0;0
06-15-2010 03:15;0;0
06-15-2010 03:16;0;0
06-15-2010 03:17;0;0
06-15-2010 03:18;0;0
06-15-2010 03:19;0;0
06-15-2010 03:20;0;0
06-15-2010 03:21;0;0
06-15-2010 03:22;0;0
06-15-2010 03:23;0;0
06-15-2010 03:24;48;0
06-15-2010 03:25;0;0
06-15-2010 03:26;0;0
06-15-2010 03:27;0;0
06-15-2010 03:28;0;0
06-15-2010 03:29;0;0
06-15-2010 03:30;0;0
06-15-2010 03:31;24;0
06-15-2010 03:32;0;0
06-15-2010 03:33;0;0
06-15-2010 03:34;0;0
06-15-2010 03:35;0;0
06-15-2010 03:36;0;0
06-15-2010 03:37;0;0
06-15-2010 03:38;0;0
06-15-2010 03:39;0;0
06-15-2010 03:40;0;0
06-15-2010 03:41;80;0
06-15-2010 03:42;0;0
06-15-2010 03:43;0;0
06-15-2010 03:44;0;0
06-15-2010 03:45;0;0
06-15-2010 03:46;0;0
06-15-2010 03:47;0;0
06-15-2010 03:48;0;0
06-15-2010 03:49;0;0
06-15-2010 03:50;0;0
06-15-2010 03:51;0;0
06-15-2010 03:52;0;0
06-15-2010 03:53;80;0
06-15-2010 03:54;0;0
06-15-2010 03:55;0;0
06-15-2010 03:56;0;0
06-15-2010 03:57;0;0
06-15-2010 03:58;0;0
06-15-2010 03:59;0;0
06-15-2010 04:00;0;0
06-15-2010 04:01;0;0
06-15-2010 04:02;0;0
06-15-2010 04:03;0;0
06-15-2010 04:04;0;0
06-15-2010 04:05;0;0
06-15-2010 04:06;0;0
06-15-2010 04:07;0;0
06-15-2010 04:08;0;0
06-15-2010 04:09;0;0
06-15-2010 04:10;0;0
06-15-2010 04:11;0;0
06-15-2010 04:12;0;0
06-15-2010 04:13;0;0
06-15-2010 04:14;0;0
06-15-2010 04:15;3;0
06-15-2010 04:16;0;0
06-15-2010 04:17;0;0
06-15-2010 04:18;0;0
06-15-2010 04:19;0;0
06-15-2010 04:20;0;0
06-15-2010 04:21;0;0
06-15-2010 04:22;0;0
06-15-2010 04:23;0;0
06-15-2010 04:24;0;0
06-15-2010 04:25;0;0
06-15-2010 04:26;0;0
06-15-2010 04:27;0;0
06-15-2010 04:28;0;0
06-15-2010 04:29;0;0
06-15-2010 04:30;0;0
06-15-2010 04:31;0;0
06-15-2010 04:32;0;0
06-15-2010 04:33;0;0
06-15-2010 04:34;0;0
06-15-2010 04:35;0;0
06-15-2010 04:36;0;0
06-15-2010 04:37;0;0
06-15-2010 04:38;0;0
06-15-2010 04:39;0;0
06-15-2010 04:40;0;0
06-15-2010 04:41;47;0
06-15-2010 04:42;0;0
06-15-2010 04:43;0;0
06-15-2010 04:44;0;0
06-15-2010 04:45;0;0
06-15-2010 04:46;0;0
06-15-2010 04:47;0;0
06-15-2010 04:48;0;0
06-15-2010 04:49;0;0
06-15-2010 04:50;0;0
06-15-2010 04:51;0;0
06-15-2010 04:52;0;0
06-15-2010 04:53;0;0
06-15-2010 04:54;0;0
06-15-2010 04:55;0;0
06-15-2010 04:56;0;0
06-15-2010 04:57;0;0
06-15-2010 04:58;0;0
06-15-2010 04:59;0;0
06-15-2010 05:00;0;0
06-15-2010 05:01;0;0
06-15-2010 05:02;0;0
06-15-2010 05:03;0;0
06-15-2010 05:04;0;0
06-15-2010 05:05;0;0
06-15-2010 05:06;0;0
06-15-2010 05:07;0;0
06-15-2010 05:08;0;0
06-15-2010 05:09;0;0
06-15-2010 05:10;0;0
06-15-2010 05:11;0;0
06-15-2010 05:12;0;0
06-15-2010 05:13;0;0
06-15-2010 05:14;0;0
06-15-2010 05:15;0;0
06-15-2010 05:16;0;0
06-15-2010 05:17;0;0
06-15-2010 05:18;0;0
06-15-2010 05:19;0;0
06-15-2010 05:20;0;0
06-15-2010 05:21;0;0
06-15-2010 05:22;0;0
06-15-2010 05:23;0;0
06-15-2010 05:24;0;0
06-15-2010 05:25;0;0
06-15-2010 05:26;0;0
06-15-2010 05:27;0;0
06-15-2010 05:28;0;0
06-15-2010 05:29;0;0
06-15-2010 05:30;0;0
06-15-2010 05:31;0;0
06-15-2010 05:32;0;0
06-15-2010 05:33;0;0
06-15-2010 05:34;0;0
06-15-2010 05:35;0;0
06-15-2010 05:36;0;0
06-15-2010 05:37;0;0
06-15-2010 05:38;0;0
06-15-2010 05:39;0;0
06-15-2010 05:40;21;0
06-15-2010 05:41;0;0
06-15-2010 05:42;0;0
06-15-2010 05:43;0;0
06-15-2010 05:44;0;0
06-15-2010 05:45;24;0
06-15-2010 05:46;0;0
06-15-2010 05:47;0;0
06-15-2010 05:48;5;0
06-15-2010 05:49;0;0
06-15-2010 05:50;0;0
06-15-2010 05:51;0;0
06-15-2010 05:52;0;0
06-15-2010 05:53;0;0
06-15-2010 05:54;59;0
06-15-2010 05:55;0;0
06-15-2010 05:56;19;0
06-15-2010 05:57;0;0
06-15-2010 05:58;0;0
06-15-2010 05:59;0;0
06-15-2010 06:00;0;0
06-15-2010 06:01;0;0
06-15-2010 06:02;0;0
06-15-2010 06:03;0;0
06-15-2010 06:04;0;0
06-15-2010 06:05;0;0
06-15-2010 06:06;0;0
06-15-2010 06:07;0;0
06-15-2010 06:08;0;0
06-15-2010 06:09;0;0
06-15-2010 06:10;0;0
06-15-2010 06:11;3;0
06-15-2010 06:12;0;0
06-15-2010 06:13;0;0
06-15-2010 06:14;0;0
06-15-2010 06:15;0;0
06-15-2010 06:16;0;0
06-15-2010 06:17;111;0
06-15-2010 06:18;0;0
06-15-2010 06:19;66;0
06-15-2010 06:20;0;0
06-15-2010 06:21;0;0
06-15-2010 06:22;152;0
06-15-2010 06:23;121;0
06-15-2010 06:24;3;0
06-15-2010 06:25;0;0
06-15-2010 06:26;40;0
06-15-2010 06:27;12;0
06-15-2010 06:28;0;0
06-15-2010 06:29;80;0
06-15-2010 06:30;0;0
06-15-2010 06:31;0;0
06-15-2010 06:32;0;0
06-15-2010 06:33;168;0
06-15-2010 06:34;0;0
06-15-2010 06:35;0;0
06-15-2010 06:36;0;0
06-15-2010 06:37;0;0
06-15-2010 06:38;0;0
06-15-2010 06:39;0;0
06-15-2010 06:40;0;0
06-15-2010 06:41;17;0
06-15-2010 06:42;0;0
06-15-2010 06:43;0;0
06-15-2010 06:44;152;0
06-15-2010 06:45;10;0
06-15-2010 06:46;0;0
06-15-2010 06:47;0;0
06-15-2010 06:48;80;0
06-15-2010 06:49;3;0
06-15-2010 06:50;0;0
06-15-2010 06:51;0;0
06-15-2010 06:52;438;0
06-15-2010 06:53;733;0
06-15-2010 06:54;918;0
06-15-2010 06:55;808;0
06-15-2010 06:56;24;0
06-15-2010 06:57;3;0
06-15-2010 06:58;29;0
06-15-2010 06:59;73;0
06-15-2010 07:00;104;0
06-15-2010 07:01;62;0
06-15-2010 07:02;14;0
06-15-2010 07:03;17;0
06-15-2010 07:04;3;0
06-15-2010 07:05;9;0
06-15-2010 07:06;0;0
06-15-2010 07:07;209;0
06-15-2010 07:08;889;0
06-15-2010 07:09;142;0
06-15-2010 07:10;116;0
06-15-2010 07:11;240;0
06-15-2010 07:12;116;0
06-15-2010 07:13;0;0
06-15-2010 07:14;0;0
06-15-2010 07:15;0;0
06-15-2010 07:16;0;0
06-15-2010 07:17;0;0
06-15-2010 07:18;0;0
06-15-2010 07:19;0;0
06-15-2010 07:20;0;0
06-15-2010 07:21;0;0
06-15-2010 07:22;0;0
06-15-2010 07:23;0;0
06-15-2010 07:24;0;0
06-15-2010 07:25;0;0
06-15-2010 07:26;0;0
06-15-2010 07:27;0;0
06-15-2010 07:28;0;0
06-15-2010 07:29;131;0
06-15-2010 07:30;0;0
06-15-2010 07:31;0;0
06-15-2010 07:32;0;0
06-15-2010 07:33;0;0
06-15-2010 07:34;0;0
06-15-2010 07:35;0;0
06-15-2010 07:36;0;0
06-15-2010 07:37;0;0
06-15-2010 07:38;0;0
06-15-2010 07:39;0;0
06-15-2010 07:40;0;0
06-15-2010 07:41;0;0
06-15-2010 07:42;0;0
06-15-2010 07:43;0;0
06-15-2010 07:44;0;0
06-15-2010 07:45;0;0
06-15-2010 07:46;0;0
06-15-2010 07:47;0;0
06-15-2010 07:48;0;0
06-15-2010 07:49;0;0
06-15-2010 07:50;0;0
06-15-2010 07:51;0;0
06-15-2010 07:52;0;0
06-15-2010 07:53;86;0
06-15-2010 07:54;0;0
06-15-2010 07:55;0;0
06-15-2010 07:56;0;0
06-15-2010 07:57;0;0
06-15-2010 07:58;0;0
06-15-2010 07:59;0;0
06-15-2010 08:00;0;0
06-15-2010 08:01;0;0
06-15-2010 08:02;0;0
06-15-2010 08:03;0;0
06-15-2010 08:04;38;0
06-15-2010 08:05;0;0
06-15-2010 08:06;0;0
06-15-2010 08:07;304;0
06-15-2010 08:08;336;0
06-15-2010 08:09;47;0
06-15-2010 08:10;202;0
06-15-2010 08:11;1430;1
06-15-2010 08:12;688;0
06-15-2010 08:13;782;0
06-15-2010 08:14;1043;0
06-15-2010 08:15;733;0
06-15-2010 08:16;304;0
06-15-2010 08:17;711;0
06-15-2010 08:18;948;0
06-15-2010 08:19;483;0
06-15-2010 08:20;666;0
06-15-2010 08:21;688;0
06-15-2010 08:22;758;0
06-15-2010 08:23;782;0
06-15-2010 08:24;605;0
06-15-2010 08:25;688;0
06-15-2010 08:26;175;0
06-15-2010 08:27;97;0
06-15-2010 08:28;16;0
06-15-2010 08:29;0;0
06-15-2010 08:30;14;0
06-15-2010 08:31;0;0
06-15-2010 08:32;396;0
06-15-2010 08:33;284;0
06-15-2010 08:34;1221;1
06-15-2010 08:35;1183;1
06-15-2010 08:36;918;0
06-15-2010 08:37;438;0
06-15-2010 08:38;533;0
06-15-2010 08:39;1043;0
06-15-2010 08:40;1010;0
06-15-2010 08:41;396;0
06-15-2010 08:42;137;0
06-15-2010 08:43;86;0
06-15-2010 08:44;80;0
06-15-2010 08:45;550;0
06-15-2010 08:46;90;0
06-15-2010 08:47;45;0
06-15-2010 08:48;31;0
06-15-2010 08:49;116;0
06-15-2010 08:50;52;0
06-15-2010 08:51;0;0
06-15-2010 08:52;100;0
06-15-2010 08:53;86;0
06-15-2010 08:54;12;0
06-15-2010 08:55;284;0
06-15-2010 08:56;240;0
06-15-2010 08:57;232;0
06-15-2010 08:58;14;0
06-15-2010 08:59;0;0
06-15-2010 09:00;52;0
06-15-2010 09:01;861;0
06-15-2010 09:02;384;0
06-15-2010 09:03;1010;0
06-15-2010 09:04;782;0
06-15-2010 09:05;533;0
06-15-2010 09:06;533;0
06-15-2010 09:07;1110;1
06-15-2010 09:08;1183;1
06-15-2010 09:09;605;0
06-15-2010 09:10;1010;0
06-15-2010 09:11;624;0
06-15-2010 09:12;216;0
06-15-2010 09:13;410;0
06-15-2010 09:14;451;0
06-15-2010 09:15;147;0
06-15-2010 09:16;384;0
06-15-2010 09:17;294;0
06-15-2010 09:18;232;0
06-15-2010 09:19;249;0
06-15-2010 09:20;182;0
06-15-2010 09:21;175;0
06-15-2010 09:22;86;0
06-15-2010 09:23;147;0
06-15-2010 09:24;100;0
06-15-2010 09:25;116;0
06-15-2010 09:26;121;0
06-15-2010 09:27;54;0
06-15-2010 09:28;83;0
06-15-2010 09:29;372;0
06-15-2010 09:30;189;0
06-15-2010 09:31;69;0
06-15-2010 09:32;232;0
06-15-2010 09:33;195;0
06-15-2010 09:34;175;0
06-15-2010 09:35;182;0
06-15-2010 09:36;121;0
06-15-2010 09:37;42;0
06-15-2010 09:38;107;0
06-15-2010 09:39;175;0
06-15-2010 09:40;116;0
06-15-2010 09:41;126;0
06-15-2010 09:42;438;0
06-15-2010 09:43;688;0
06-15-2010 09:44;605;0
06-15-2010 09:45;121;0
06-15-2010 09:46;38;0
06-15-2010 09:47;36;0
06-15-2010 09:48;348;0
06-15-2010 09:49;758;0
06-15-2010 09:50;1386;1
06-15-2010 09:51;624;0
06-15-2010 09:52;861;0
06-15-2010 09:53;1147;1
06-15-2010 09:54;384;0
06-15-2010 09:55;1183;1
06-15-2010 09:56;808;0
06-15-2010 09:57;688;0
06-15-2010 09:58;550;0
06-15-2010 09:59;1386;1
06-15-2010 10:00;758;0
06-15-2010 10:01;733;0
06-15-2010 10:02;550;0
06-15-2010 10:03;209;0
06-15-2010 10:04;1261;1
06-15-2010 10:05;666;0
06-15-2010 10:06;586;0
06-15-2010 10:07;567;0
06-15-2010 10:08;550;0
06-15-2010 10:09;223;0
06-15-2010 10:10;550;0
06-15-2010 10:11;624;0
06-15-2010 10:12;483;0
06-15-2010 10:13;396;0
06-15-2010 10:14;605;0
06-15-2010 10:15;688;0
06-15-2010 10:16;410;0
06-15-2010 10:17;152;0
06-15-2010 10:18;116;0
06-15-2010 10:19;258;0
06-15-2010 10:20;216;0
06-15-2010 10:21;189;0
06-15-2010 10:22;249;0
06-15-2010 10:23;861;0
06-15-2010 10:24;711;0
06-15-2010 10:25;605;0
06-15-2010 10:26;1342;1
06-15-2010 10:27;979;0
06-15-2010 10:28;1076;0
06-15-2010 10:29;834;0
06-15-2010 10:30;688;0
06-15-2010 10:31;168;0
06-15-2010 10:32;258;0
06-15-2010 10:33;360;0
06-15-2010 10:34;384;0
06-15-2010 10:35;111;0
06-15-2010 10:36;550;0
06-15-2010 10:37;209;0
06-15-2010 10:38;83;0
06-15-2010 10:39;40;0
06-15-2010 10:40;189;0
06-15-2010 10:41;175;0
06-15-2010 10:42;107;0
06-15-2010 10:43;14;0
06-15-2010 10:44;451;0
06-15-2010 10:45;782;0
06-15-2010 10:46;1183;1
06-15-2010 10:47;1183;1
06-15-2010 10:48;1147;1
06-15-2010 10:49;688;0
06-15-2010 10:50;808;0
06-15-2010 10:51;483;0
06-15-2010 10:52;249;0
06-15-2010 10:53;42;0
06-15-2010 10:54;19;0
06-15-2010 10:55;80;0
06-15-2010 10:56;16;0
06-15-2010 10:57;10;0
06-15-2010 10:58;131;0
06-15-2010 10:59;107;0
06-15-2010 11:00;0;0
06-15-2010 11:01;152;0
06-15-2010 11:02;62;0
06-15-2010 11:03;62;0
06-15-2010 11:04;3;0
06-15-2010 11:05;0;0
06-15-2010 11:06;0;0
06-15-2010 11:07;979;0
06-15-2010 11:08;294;0
06-15-2010 11:09;90;0
06-15-2010 11:10;29;0
06-15-2010 11:11;48;0
06-15-2010 11:12;28;0
06-15-2010 11:13;21;0
06-15-2010 11:14;258;0
06-15-2010 11:15;240;0
06-15-2010 11:16;451;0
06-15-2010 11:17;483;0
06-15-2010 11:18;168;0
06-15-2010 11:19;294;0
06-15-2010 11:20;645;0
06-15-2010 11:21;275;0
06-15-2010 11:22;424;0
06-15-2010 11:23;209;0
06-15-2010 11:24;325;0
06-15-2010 11:25;76;0
06-15-2010 11:26;232;0
06-15-2010 11:27;76;0
06-15-2010 11:28;240;0
06-15-2010 11:29;889;0
06-15-2010 11:30;93;0
06-15-2010 11:31;195;0
06-15-2010 11:32;889;0
06-15-2010 11:33;157;0
06-15-2010 11:34;22;0
06-15-2010 11:35;209;0
06-15-2010 11:36;35;0
06-15-2010 11:37;372;0
06-15-2010 11:38;209;0
06-15-2010 11:39;223;0
06-15-2010 11:40;73;0
06-15-2010 11:41;73;0
06-15-2010 11:42;16;0
06-15-2010 11:43;483;0
06-15-2010 11:44;624;0
06-15-2010 11:45;1386;1
06-15-2010 11:46;1221;1
06-15-2010 11:47;666;0
06-15-2010 11:48;304;0
06-15-2010 11:49;1221;1
06-15-2010 11:50;424;0
06-15-2010 11:51;107;0
06-15-2010 11:52;202;0
06-15-2010 11:53;645;0
06-15-2010 11:54;372;0
06-15-2010 11:55;315;0
06-15-2010 11:56;348;0
06-15-2010 11:57;758;0
06-15-2010 11:58;1342;1
06-15-2010 11:59;758;0
06-15-2010 12:00;315;0
06-15-2010 12:01;121;0
06-15-2010 12:02;209;0
06-15-2010 12:03;73;0
06-15-2010 12:04;284;0
06-15-2010 12:05;209;0
06-15-2010 12:06;189;0
06-15-2010 12:07;9;0
06-15-2010 12:08;137;0
06-15-2010 12:09;284;0
06-15-2010 12:10;48;0
06-15-2010 12:11;0;0
06-15-2010 12:12;131;0
06-15-2010 12:13;304;0
06-15-2010 12:14;182;0
06-15-2010 12:15;47;0
06-15-2010 12:16;0;0
06-15-2010 12:17;3;0
06-15-2010 12:18;3;0
06-15-2010 12:19;0;0
06-15-2010 12:20;0;0
06-15-2010 12:21;0;0
06-15-2010 12:22;21;0
06-15-2010 12:23;3;0
06-15-2010 12:24;0;0
06-15-2010 12:25;3;0
06-15-2010 12:26;294;0
06-15-2010 12:27;498;0
06-15-2010 12:28;43;0
06-15-2010 12:29;83;0
06-15-2010 12:30;396;0
06-15-2010 12:31;948;0
06-15-2010 12:32;533;0
06-15-2010 12:33;758;0
06-15-2010 12:34;438;0
06-15-2010 12:35;384;0
06-15-2010 12:36;126;0
06-15-2010 12:37;275;0
06-15-2010 12:38;66;0
06-15-2010 12:39;175;0
06-15-2010 12:40;80;0
06-15-2010 12:41;223;0
06-15-2010 12:42;76;0
06-15-2010 12:43;55;0
06-15-2010 12:44;69;0
06-15-2010 12:45;147;0
06-15-2010 12:46;137;0
06-15-2010 12:47;131;0
06-15-2010 12:48;175;0
06-15-2010 12:49;189;0
06-15-2010 12:50;304;0
06-15-2010 12:51;189;0
06-15-2010 12:52;284;0
06-15-2010 12:53;550;0
06-15-2010 12:54;550;0
06-15-2010 12:55;384;0
06-15-2010 12:56;266;0
06-15-2010 12:57;131;0
06-15-2010 12:58;189;0
06-15-2010 12:59;396;0
06-15-2010 13:00;258;0
06-15-2010 13:01;157;0
06-15-2010 13:02;372;0
06-15-2010 13:03;209;0
06-15-2010 13:04;175;0
06-15-2010 13:05;711;0
06-15-2010 13:06;142;0
06-15-2010 13:07;202;0
06-15-2010 13:08;410;0
06-15-2010 13:09;0;0
06-15-2010 13:10;59;0
06-15-2010 13:11;107;0
06-15-2010 13:12;137;0
06-15-2010 13:13;111;0
06-15-2010 13:14;223;0
06-15-2010 13:15;0;0
06-15-2010 13:16;0;0
06-15-2010 13:17;137;0
06-15-2010 13:18;348;0
06-15-2010 13:19;126;0
06-15-2010 13:20;40;0
06-15-2010 13:21;275;0
06-15-2010 13:22;209;0
06-15-2010 13:23;0;0
06-15-2010 13:24;0;0
06-15-2010 13:25;24;0
06-15-2010 13:26;1076;0
06-15-2010 13:27;624;0
06-15-2010 13:28;688;0
06-15-2010 13:29;515;0
06-15-2010 13:30;336;0
06-15-2010 13:31;1147;1
06-15-2010 13:32;861;0
06-15-2010 13:33;733;0
06-15-2010 13:34;1043;0
06-15-2010 13:35;918;0
06-15-2010 13:36;733;0
06-15-2010 13:37;410;0
06-15-2010 13:38;1076;0
06-15-2010 13:39;666;0
06-15-2010 13:40;216;0
06-15-2010 13:41;515;0
06-15-2010 13:42;451;0
06-15-2010 13:43;498;0
06-15-2010 13:44;533;0
06-15-2010 13:45;1043;0
06-15-2010 13:46;1110;1
06-15-2010 13:47;438;0
06-15-2010 13:48;223;0
06-15-2010 13:49;533;0
06-15-2010 13:50;688;0
06-15-2010 13:51;202;0
06-15-2010 13:52;467;0
06-15-2010 13:53;605;0
06-15-2010 13:54;624;0
06-15-2010 13:55;666;0
06-15-2010 13:56;336;0
06-15-2010 13:57;688;0
06-15-2010 13:58;624;0
06-15-2010 13:59;483;0
06-15-2010 14:00;467;0
06-15-2010 14:01;451;0
06-15-2010 14:02;294;0
06-15-2010 14:03;182;0
06-15-2010 14:04;918;0
06-15-2010 14:05;372;0
06-15-2010 14:06;666;0
06-15-2010 14:07;782;0
06-15-2010 14:08;1076;0
06-15-2010 14:09;645;0
06-15-2010 14:10;550;0
06-15-2010 14:11;533;0
06-15-2010 14:12;645;0
06-15-2010 14:13;372;0
06-15-2010 14:14;567;0
06-15-2010 14:15;336;0
06-15-2010 14:16;645;0
06-15-2010 14:17;586;0
06-15-2010 14:18;533;0
06-15-2010 14:19;52;0
06-15-2010 14:20;142;0
06-15-2010 14:21;275;0
06-15-2010 14:22;131;0
06-15-2010 14:23;0;0
06-15-2010 14:24;66;0
06-15-2010 14:25;48;0
06-15-2010 14:26;550;0
06-15-2010 14:27;86;0
06-15-2010 14:28;54;0
06-15-2010 14:29;121;0
06-15-2010 14:30;336;0
06-15-2010 14:31;131;0
06-15-2010 14:32;43;0
06-15-2010 14:33;45;0
06-15-2010 14:34;5;0
06-15-2010 14:35;76;0
06-15-2010 14:36;66;0
06-15-2010 14:37;45;0
06-15-2010 14:38;47;0
06-15-2010 14:39;175;0
06-15-2010 14:40;586;0
06-15-2010 14:41;182;0
06-15-2010 14:42;3;0
06-15-2010 14:43;142;0
06-15-2010 14:44;131;0
06-15-2010 14:45;38;0
06-15-2010 14:46;0;0
06-15-2010 14:47;31;0
06-15-2010 14:48;424;0
06-15-2010 14:49;948;0
06-15-2010 14:50;605;0
06-15-2010 14:51;861;0
06-15-2010 14:52;315;0
06-15-2010 14:53;42;0
06-15-2010 14:54;0;0
06-15-2010 14:55;45;0
06-15-2010 14:56;9;0
06-15-2010 14:57;533;0
06-15-2010 14:58;948;0
06-15-2010 14:59;1076;0
06-15-2010 15:00;467;0
06-15-2010 15:01;360;0
06-15-2010 15:02;688;0
06-15-2010 15:03;533;0
06-15-2010 15:04;360;0
06-15-2010 15:05;711;0
06-15-2010 15:06;808;0
06-15-2010 15:07;711;0
06-15-2010 15:08;550;0
06-15-2010 15:09;808;0
06-15-2010 15:10;1301;1
06-15-2010 15:11;861;0
06-15-2010 15:12;711;0
06-15-2010 15:13;666;0
06-15-2010 15:14;360;0
06-15-2010 15:15;666;0
06-15-2010 15:16;1147;1
06-15-2010 15:17;979;0
06-15-2010 15:18;467;0
06-15-2010 15:19;258;0
06-15-2010 15:20;86;0
06-15-2010 15:21;396;0
06-15-2010 15:22;325;0
06-15-2010 15:23;294;0
06-15-2010 15:24;550;0
06-15-2010 15:25;424;0
06-15-2010 15:26;1110;1
06-15-2010 15:27;889;0
06-15-2010 15:28;758;0
06-15-2010 15:29;467;0
06-15-2010 15:30;498;0
06-15-2010 15:31;733;0
06-15-2010 15:32;624;0
06-15-2010 15:33;624;0
06-15-2010 15:34;567;0
06-15-2010 15:35;1010;0
06-15-2010 15:36;384;0
06-15-2010 15:37;467;0
06-15-2010 15:38;182;0
06-15-2010 15:39;360;0
06-15-2010 15:40;424;0
06-15-2010 15:41;163;0
06-15-2010 15:42;223;0
06-15-2010 15:43;249;0
06-15-2010 15:44;467;0
06-15-2010 15:45;9;0
06-15-2010 15:46;266;0
06-15-2010 15:47;483;0
06-15-2010 15:48;275;0
06-15-2010 15:49;438;0
06-15-2010 15:50;325;0
06-15-2010 15:51;733;0
06-15-2010 15:52;1110;1
06-15-2010 15:53;948;0
06-15-2010 15:54;889;0
06-15-2010 15:55;451;0
06-15-2010 15:56;467;0
06-15-2010 15:57;304;0
06-15-2010 15:58;688;0
06-15-2010 15:59;131;0
06-15-2010 16:00;410;0
06-15-2010 16:01;451;0
06-15-2010 16:02;1147;1
06-15-2010 16:03;567;0
06-15-2010 16:04;1183;1
06-15-2010 16:05;1183;1
06-15-2010 16:06;624;0
06-15-2010 16:07;889;0
06-15-2010 16:08;1430;1
06-15-2010 16:09;1782;1
06-15-2010 16:10;1898;1
06-15-2010 16:11;1221;1
06-15-2010 16:12;979;0
06-15-2010 16:13;1010;0
06-15-2010 16:14;142;0
06-15-2010 16:15;360;0
06-15-2010 16:16;645;0
06-15-2010 16:17;83;0
06-15-2010 16:18;223;0
06-15-2010 16:19;189;0
06-15-2010 16:20;19;0
06-15-2010 16:21;29;0
06-15-2010 16:22;0;0
06-15-2010 16:23;47;0
06-15-2010 16:24;1043;0
06-15-2010 16:25;533;0
06-15-2010 16:26;861;0
06-15-2010 16:27;29;0
06-15-2010 16:28;0;0
06-15-2010 16:29;0;0
06-15-2010 16:30;0;0
06-15-2010 16:31;0;0
06-15-2010 16:32;0;0
06-15-2010 16:33;0;0
06-15-2010 16:34;0;0
06-15-2010 16:35;24;0
06-15-2010 16:36;782;0
06-15-2010 16:37;182;0
06-15-2010 16:38;0;0
06-15-2010 16:39;0;0
06-15-2010 16:40;0;0
06-15-2010 16:41;0;0
06-15-2010 16:42;0;0
06-15-2010 16:43;0;0
06-15-2010 16:44;0;0
06-15-2010 16:45;0;0
06-15-2010 16:46;0;0
06-15-2010 16:47;0;0
06-15-2010 16:48;0;0
06-15-2010 16:49;0;0
06-15-2010 16:50;0;0
06-15-2010 16:51;0;0
06-15-2010 16:52;0;0
06-15-2010 16:53;0;0
06-15-2010 16:54;0;0
06-15-2010 16:55;0;0
06-15-2010 16:56;0;0
06-15-2010 16:57;0;0
06-15-2010 16:58;0;0
06-15-2010 16:59;0;0
06-15-2010 17:00;0;0
06-15-2010 17:01;0;0
06-15-2010 17:02;0;0
06-15-2010 17:03;0;0
06-15-2010 17:04;0;0
06-15-2010 17:05;0;0
06-15-2010 17:06;0;0
06-15-2010 17:07;0;0
06-15-2010 17:08;0;0
06-15-2010 17:09;0;0
06-15-2010 17:10;0;0
06-15-2010 17:11;605;0
06-15-2010 17:12;175;0
06-15-2010 17:13;83;0
06-15-2010 17:14;0;0
06-15-2010 17:15;0;0
06-15-2010 17:16;0;0
06-15-2010 17:17;0;0
06-15-2010 17:18;0;0
06-15-2010 17:19;0;0
06-15-2010 17:20;0;0
06-15-2010 17:21;0;0
06-15-2010 17:22;0;0
06-15-2010 17:23;0;0
06-15-2010 17:24;0;0
06-15-2010 17:25;0;0
06-15-2010 17:26;0;0
06-15-2010 17:27;0;0
06-15-2010 17:28;0;0
06-15-2010 17:29;0;0
06-15-2010 17:30;0;0
06-15-2010 17:31;0;0
06-15-2010 17:32;202;0
06-15-2010 17:33;258;0
06-15-2010 17:34;121;0
06-15-2010 17:35;0;0
06-15-2010 17:36;76;0
06-15-2010 17:37;55;0
06-15-2010 17:38;861;0
06-15-2010 17:39;258;0
06-15-2010 17:40;758;0
06-15-2010 17:41;733;0
06-15-2010 17:42;979;0
06-15-2010 17:43;410;0
06-15-2010 17:44;424;0
06-15-2010 17:45;325;0
06-15-2010 17:46;175;0
06-15-2010 17:47;168;0
06-15-2010 17:48;29;0
06-15-2010 17:49;0;0
06-15-2010 17:50;16;0
06-15-2010 17:51;83;0
06-15-2010 17:52;240;0
06-15-2010 17:53;40;0
06-15-2010 17:54;35;0
06-15-2010 17:55;45;0
06-15-2010 17:56;40;0
06-15-2010 17:57;137;0
06-15-2010 17:58;93;0
06-15-2010 17:59;29;0
06-15-2010 18:00;498;0
06-15-2010 18:01;315;0
06-15-2010 18:02;567;0
06-15-2010 18:03;808;0
06-15-2010 18:04;711;0
06-15-2010 18:05;396;0
06-15-2010 18:06;348;0
06-15-2010 18:07;918;0
06-15-2010 18:08;567;0
06-15-2010 18:09;438;0
06-15-2010 18:10;216;0
06-15-2010 18:11;258;0
06-15-2010 18:12;76;0
06-15-2010 18:13;36;0
06-15-2010 18:14;424;0
06-15-2010 18:15;666;0
06-15-2010 18:16;834;0
06-15-2010 18:17;979;0
06-15-2010 18:18;948;0
06-15-2010 18:19;1043;0
06-15-2010 18:20;666;0
06-15-2010 18:21;451;0
06-15-2010 18:22;688;0
06-15-2010 18:23;645;0
06-15-2010 18:24;889;0
06-15-2010 18:25;1183;1
06-15-2010 18:26;384;0
06-15-2010 18:27;515;0
06-15-2010 18:28;733;0
06-15-2010 18:29;733;0
06-15-2010 18:30;1301;1
06-15-2010 18:31;550;0
06-15-2010 18:32;1110;1
06-15-2010 18:33;1043;0
06-15-2010 18:34;586;0
06-15-2010 18:35;384;0
06-15-2010 18:36;73;0
06-15-2010 18:37;889;0
06-15-2010 18:38;758;0
06-15-2010 18:39;483;0
06-15-2010 18:40;223;0
06-15-2010 18:41;550;0
06-15-2010 18:42;861;0
06-15-2010 18:43;438;0
06-15-2010 18:44;22;0
06-15-2010 18:45;688;0
06-15-2010 18:46;624;0
06-15-2010 18:47;586;0
06-15-2010 18:48;666;0
06-15-2010 18:49;249;0
06-15-2010 18:50;567;0
06-15-2010 18:51;918;0
06-15-2010 18:52;1010;0
06-15-2010 18:53;1782;1
06-15-2010 18:54;758;0
06-15-2010 18:55;889;0
06-15-2010 18:56;483;0
06-15-2010 18:57;605;0
06-15-2010 18:58;666;0
06-15-2010 18:59;733;0
06-15-2010 19:00;834;0
06-15-2010 19:01;2084;1
06-15-2010 19:02;1430;1
06-15-2010 19:03;1076;0
06-15-2010 19:04;1110;1
06-15-2010 19:05;1183;1
06-15-2010 19:06;1076;0
06-15-2010 19:07;1571;1
06-15-2010 19:08;586;0
06-15-2010 19:09;1010;0
06-15-2010 19:10;1301;1
06-15-2010 19:11;348;0
06-15-2010 19:12;304;0
06-15-2010 19:13;410;0
06-15-2010 19:14;249;0
06-15-2010 19:15;232;0
06-15-2010 19:16;258;0
06-15-2010 19:17;126;0
06-15-2010 19:18;62;0
06-15-2010 19:19;232;0
06-15-2010 19:20;126;0
06-15-2010 19:21;121;0
06-15-2010 19:22;111;0
06-15-2010 19:23;147;0
06-15-2010 19:24;90;0
06-15-2010 19:25;83;0
06-15-2010 19:26;73;0
06-15-2010 19:27;55;0
06-15-2010 19:28;73;0
06-15-2010 19:29;83;0
06-15-2010 19:30;76;0
06-15-2010 19:31;147;0
06-15-2010 19:32;76;0
06-15-2010 19:33;50;0
06-15-2010 19:34;284;0
06-15-2010 19:35;189;0
06-15-2010 19:36;86;0
06-15-2010 19:37;55;0
06-15-2010 19:38;33;0
06-15-2010 19:39;33;0
06-15-2010 19:40;83;0
06-15-2010 19:41;43;0
06-15-2010 19:42;52;0
06-15-2010 19:43;624;0
06-15-2010 19:44;889;0
06-15-2010 19:45;948;0
06-15-2010 19:46;624;0
06-15-2010 19:47;209;0
06-15-2010 19:48;35;0
06-15-2010 19:49;711;0
06-15-2010 19:50;223;0
06-15-2010 19:51;189;0
06-15-2010 19:52;216;0
06-15-2010 19:53;483;0
06-15-2010 19:54;275;0
06-15-2010 19:55;304;0
06-15-2010 19:56;266;0
06-15-2010 19:57;93;0
06-15-2010 19:58;605;0
06-15-2010 19:59;384;0
06-15-2010 20:00;258;0
06-15-2010 20:01;467;0
06-15-2010 20:02;688;0
06-15-2010 20:03;396;0
06-15-2010 20:04;216;0
06-15-2010 20:05;9;0
06-15-2010 20:06;83;0
06-15-2010 20:07;168;0
06-15-2010 20:08;515;0
06-15-2010 20:09;348;0
06-15-2010 20:10;116;0
06-15-2010 20:11;43;0
06-15-2010 20:12;131;0
06-15-2010 20:13;304;0
06-15-2010 20:14;360;0
06-15-2010 20:15;438;0
06-15-2010 20:16;157;0
06-15-2010 20:17;107;0
06-15-2010 20:18;100;0
06-15-2010 20:19;182;0
06-15-2010 20:20;163;0
06-15-2010 20:21;567;0
06-15-2010 20:22;325;0
06-15-2010 20:23;336;0
06-15-2010 20:24;889;0
06-15-2010 20:25;1522;1
06-15-2010 20:26;1043;0
06-15-2010 20:27;396;0
06-15-2010 20:28;189;0
06-15-2010 20:29;360;0
06-15-2010 20:30;711;0
06-15-2010 20:31;157;0
06-15-2010 20:32;424;0
06-15-2010 20:33;325;0
06-15-2010 20:34;294;0
06-15-2010 20:35;284;0
06-15-2010 20:36;175;0
06-15-2010 20:37;126;0
06-15-2010 20:38;54;0
06-15-2010 20:39;40;0
06-15-2010 20:40;73;0
06-15-2010 20:41;104;0
06-15-2010 20:42;111;0
06-15-2010 20:43;131;0
06-15-2010 20:44;121;0
06-15-2010 20:45;22;0
06-15-2010 20:46;121;0
06-15-2010 20:47;62;0
06-15-2010 20:48;116;0
06-15-2010 20:49;76;0
06-15-2010 20:50;93;0
06-15-2010 20:51;142;0
06-15-2010 20:52;111;0
06-15-2010 20:53;62;0
06-15-2010 20:54;69;0
06-15-2010 20:55;62;0
06-15-2010 20:56;86;0
06-15-2010 20:57;19;0
06-15-2010 20:58;131;0
06-15-2010 20:59;31;0
06-15-2010 21:00;131;0
06-15-2010 21:01;42;0
06-15-2010 21:02;202;0
06-15-2010 21:03;550;0
06-15-2010 21:04;567;0
06-15-2010 21:05;711;0
06-15-2010 21:06;22;0
06-15-2010 21:07;348;0
06-15-2010 21:08;1301;1
06-15-2010 21:09;861;0
06-15-2010 21:10;1076;0
06-15-2010 21:11;1342;1
06-15-2010 21:12;645;0
06-15-2010 21:13;1430;1
06-15-2010 21:14;249;0
06-15-2010 21:15;808;0
06-15-2010 21:16;1010;0
06-15-2010 21:17;758;0
06-15-2010 21:18;284;0
06-15-2010 21:19;202;0
06-15-2010 21:20;240;0
06-15-2010 21:21;266;0
06-15-2010 21:22;152;0
06-15-2010 21:23;83;0
06-15-2010 21:24;152;0
06-15-2010 21:25;24;0
06-15-2010 21:26;97;0
06-15-2010 21:27;182;0
06-15-2010 21:28;45;0
06-15-2010 21:29;66;0
06-15-2010 21:30;52;0
06-15-2010 21:31;14;0
06-15-2010 21:32;107;0
06-15-2010 21:33;55;0
06-15-2010 21:34;69;0
06-15-2010 21:35;21;0
06-15-2010 21:36;126;0
06-15-2010 21:37;86;0
06-15-2010 21:38;93;0
06-15-2010 21:39;14;0
06-15-2010 21:40;73;0
06-15-2010 21:41;202;0
06-15-2010 21:42;76;0
06-15-2010 21:43;80;0
06-15-2010 21:44;43;0
06-15-2010 21:45;69;0
06-15-2010 21:46;80;0
06-15-2010 21:47;0;0
06-15-2010 21:48;26;0
06-15-2010 21:49;275;0
06-15-2010 21:50;645;0
06-15-2010 21:51;294;0
06-15-2010 21:52;1221;1
06-15-2010 21:53;1301;1
06-15-2010 21:54;861;0
06-15-2010 21:55;861;0
06-15-2010 21:56;232;0
06-15-2010 21:57;209;0
06-15-2010 21:58;1147;1
06-15-2010 21:59;1571;1
06-15-2010 22:00;1386;1
06-15-2010 22:01;325;0
06-15-2010 22:02;979;0
06-15-2010 22:03;315;0
06-15-2010 22:04;189;0
06-15-2010 22:05;666;0
06-15-2010 22:06;808;0
06-15-2010 22:07;918;0
06-15-2010 22:08;1147;1
06-15-2010 22:09;1261;1
06-15-2010 22:10;688;0
06-15-2010 22:11;1261;1
06-15-2010 22:12;889;0
06-15-2010 22:13;808;0
06-15-2010 22:14;733;0
06-15-2010 22:15;483;0
06-15-2010 22:16;533;0
06-15-2010 22:17;533;0
06-15-2010 22:18;498;0
06-15-2010 22:19;97;0
06-15-2010 22:20;111;0
06-15-2010 22:21;168;0
06-15-2010 22:22;126;0
06-15-2010 22:23;80;0
06-15-2010 22:24;567;0
06-15-2010 22:25;163;0
06-15-2010 22:26;586;0
06-15-2010 22:27;86;0
06-15-2010 22:28;86;0
06-15-2010 22:29;0;0
06-15-2010 22:30;111;0
06-15-2010 22:31;97;0
06-15-2010 22:32;97;0
06-15-2010 22:33;0;0
06-15-2010 22:34;69;0
06-15-2010 22:35;0;0
06-15-2010 22:36;223;0
06-15-2010 22:37;47;0
06-15-2010 22:38;209;0
06-15-2010 22:39;22;0
06-15-2010 22:40;137;0
06-15-2010 22:41;202;0
06-15-2010 22:42;195;0
06-15-2010 22:43;0;0
06-15-2010 22:44;0;0
06-15-2010 22:45;0;0
06-15-2010 22:46;69;0
06-15-2010 22:47;50;0
06-15-2010 22:48;0;0
06-15-2010 22:49;0;0
06-15-2010 22:50;0;0
06-15-2010 22:51;0;0
06-15-2010 22:52;0;0
06-15-2010 22:53;3;0
06-15-2010 22:54;0;0
06-15-2010 22:55;80;0
06-15-2010 22:56;107;0
06-15-2010 22:57;16;0
06-15-2010 22:58;17;0
06-15-2010 22:59;157;0
06-15-2010 23:00;93;0
06-15-2010 23:01;0;0
06-15-2010 23:02;66;0
06-15-2010 23:03;0;0
06-15-2010 23:04;0;0
06-15-2010 23:05;104;0
06-15-2010 23:06;258;0
06-15-2010 23:07;93;0
06-15-2010 23:08;223;0
06-15-2010 23:09;93;0
06-15-2010 23:10;232;0
06-15-2010 23:11;107;0
06-15-2010 23:12;121;0
06-15-2010 23:13;348;0
06-15-2010 23:14;182;0
06-15-2010 23:15;438;0
06-15-2010 23:16;29;0
06-15-2010 23:17;33;0
06-15-2010 23:18;121;0
06-15-2010 23:19;249;0
06-15-2010 23:20;711;0
06-15-2010 23:21;1571;1
06-15-2010 23:22;645;0
06-15-2010 23:23;66;0
06-15-2010 23:24;467;0
06-15-2010 23:25;216;0
06-15-2010 23:26;131;0
06-15-2010 23:27;16;0
06-15-2010 23:28;111;0
06-15-2010 23:29;0;0
06-15-2010 23:30;3;0
06-15-2010 23:31;0;0
06-15-2010 23:32;0;0
06-15-2010 23:33;0;0
06-15-2010 23:34;0;0
06-15-2010 23:35;0;0
06-15-2010 23:36;0;0
06-15-2010 23:37;5;0
06-15-2010 23:38;0;0
06-15-2010 23:39;0;0
06-15-2010 23:40;0;0
06-15-2010 23:41;348;0
06-15-2010 23:42;0;0
06-15-2010 23:43;0;0
06-15-2010 23:44;0;0
06-15-2010 23:45;168;0
06-15-2010 23:46;0;0
06-15-2010 23:47;0;0
06-15-2010 23:48;0;0
06-15-2010 23:49;0;0
06-15-2010 23:50;0;0
06-15-2010 23:51;410;0
06-15-2010 23:52;16;0
06-15-2010 23:53;0;0
06-15-2010 23:54;0;0
06-15-2010 23:55;0;0
06-15-2010 23:56;0;0
06-15-2010 23:57;0;0
06-15-2010 23:58;76;0
06-15-2010 23:59;258;0
06-16-2010 00:00;62;0
06-16-2010 00:01;0;0
06-16-2010 00:02;0;0
06-16-2010 00:03;0;0
06-16-2010 00:04;0;0
06-16-2010 00:05;0;0
06-16-2010 00:06;0;0
06-16-2010 00:07;0;0
06-16-2010 00:08;0;0
06-16-2010 00:09;0;0
06-16-2010 00:10;0;0
06-16-2010 00:11;0;0
06-16-2010 00:12;0;0
06-16-2010 00:13;0;0
06-16-2010 00:14;0;0
06-16-2010 00:15;0;0
06-16-2010 00:16;0;0
06-16-2010 00:17;0;0
06-16-2010 00:18;0;0
06-16-2010 00:19;0;0
06-16-2010 00:20;0;0
06-16-2010 00:21;0;0
06-16-2010 00:22;0;0
06-16-2010 00:23;0;0
06-16-2010 00:24;0;0
06-16-2010 00:25;0;0
06-16-2010 00:26;0;0
06-16-2010 00:27;0;0
06-16-2010 00:28;0;0
06-16-2010 00:29;0;0
06-16-2010 00:30;0;0
06-16-2010 00:31;0;0
06-16-2010 00:32;0;0
06-16-2010 00:33;0;0
06-16-2010 00:34;0;0
06-16-2010 00:35;0;0
06-16-2010 00:36;0;0
06-16-2010 00:37;0;0
06-16-2010 00:38;0;0
06-16-2010 00:39;0;0
06-16-2010 00:40;0;0
06-16-2010 00:41;0;0
06-16-2010 00:42;0;0
06-16-2010 00:43;0;0
06-16-2010 00:44;0;0
06-16-2010 00:45;0;0
06-16-2010 00:46;0;0
06-16-2010 00:47;0;0
06-16-2010 00:48;0;0
06-16-2010 00:49;0;0
06-16-2010 00:50;0;0
06-16-2010 00:51;0;0
06-16-2010 00:52;0;0
06-16-2010 00:53;0;0
06-16-2010 00:54;0;0
06-16-2010 00:55;0;0
06-16-2010 00:56;0;0
06-16-2010 00:57;0;0
06-16-2010 00:58;47;0
06-16-2010 00:59;0;0
06-16-2010 01:00;0;0
06-16-2010 01:01;0;0
06-16-2010 01:02;0;0
06-16-2010 01:03;0;0
06-16-2010 01:04;0;0
06-16-2010 01:05;12;0
06-16-2010 01:06;0;0
06-16-2010 01:07;0;0
06-16-2010 01:08;0;0
06-16-2010 01:09;0;0
06-16-2010 01:10;0;0
06-16-2010 01:11;0;0
06-16-2010 01:12;0;0
06-16-2010 01:13;0;0
06-16-2010 01:14;0;0
06-16-2010 01:15;0;0
06-16-2010 01:16;0;0
06-16-2010 01:17;0;0
06-16-2010 01:18;0;0
06-16-2010 01:19;0;0
06-16-2010 01:20;0;0
06-16-2010 01:21;0;0
06-16-2010 01:22;0;0
06-16-2010 01:23;0;0
06-16-2010 01:24;0;0
06-16-2010 01:25;0;0
06-16-2010 01:26;0;0
06-16-2010 01:27;0;0
06-16-2010 01:28;0;0
06-16-2010 01:29;0;0
06-16-2010 01:30;0;0
06-16-2010 01:31;0;0
06-16-2010 01:32;0;0
06-16-2010 01:33;0;0
06-16-2010 01:34;0;0
06-16-2010 01:35;0;0
06-16-2010 01:36;0;0
06-16-2010 01:37;0;0
06-16-2010 01:38;0;0
06-16-2010 01:39;0;0
06-16-2010 01:40;0;0
06-16-2010 01:41;0;0
06-16-2010 01:42;0;0
06-16-2010 01:43;0;0
06-16-2010 01:44;0;0
06-16-2010 01:45;0;0
06-16-2010 01:46;0;0
06-16-2010 01:47;0;0
06-16-2010 01:48;0;0
06-16-2010 01:49;0;0
06-16-2010 01:50;0;0
06-16-2010 01:51;0;0
06-16-2010 01:52;0;0
06-16-2010 01:53;0;0
06-16-2010 01:54;0;0
06-16-2010 01:55;0;0
06-16-2010 01:56;0;0
06-16-2010 01:57;69;0
06-16-2010 01:58;0;0
06-16-2010 01:59;55;0
06-16-2010 02:00;0;0
06-16-2010 02:01;0;0
06-16-2010 02:02;0;0
06-16-2010 02:03;0;0
06-16-2010 02:04;59;0
06-16-2010 02:05;0;0
06-16-2010 02:06;0;0
06-16-2010 02:07;0;0
06-16-2010 02:08;0;0
06-16-2010 02:09;0;0
06-16-2010 02:10;0;0
06-16-2010 02:11;0;0
06-16-2010 02:12;0;0
06-16-2010 02:13;0;0
06-16-2010 02:14;0;0
06-16-2010 02:15;0;0
06-16-2010 02:16;0;0
06-16-2010 02:17;0;0
06-16-2010 02:18;0;0
06-16-2010 02:19;0;0
06-16-2010 02:20;0;0
06-16-2010 02:21;0;0
06-16-2010 02:22;0;0
06-16-2010 02:23;0;0
06-16-2010 02:24;0;0
06-16-2010 02:25;0;0
06-16-2010 02:26;0;0
06-16-2010 02:27;0;0
06-16-2010 02:28;0;0
06-16-2010 02:29;0;0
06-16-2010 02:30;0;0
06-16-2010 02:31;0;0
06-16-2010 02:32;223;0
06-16-2010 02:33;0;0
06-16-2010 02:34;0;0
06-16-2010 02:35;0;0
06-16-2010 02:36;0;0
06-16-2010 02:37;0;0
06-16-2010 02:38;0;0
06-16-2010 02:39;0;0
06-16-2010 02:40;0;0
06-16-2010 02:41;0;0
06-16-2010 02:42;0;0
06-16-2010 02:43;0;0
06-16-2010 02:44;24;0
06-16-2010 02:45;3;0
06-16-2010 02:46;0;0
06-16-2010 02:47;0;0
06-16-2010 02:48;0;0
06-16-2010 02:49;10;0
06-16-2010 02:50;0;0
06-16-2010 02:51;0;0
06-16-2010 02:52;0;0
06-16-2010 02:53;0;0
06-16-2010 02:54;10;0
06-16-2010 02:55;0;0
06-16-2010 02:56;0;0
06-16-2010 02:57;3;0
06-16-2010 02:58;189;0
06-16-2010 02:59;0;0
06-16-2010 03:00;0;0
06-16-2010 03:01;0;0
06-16-2010 03:02;42;0
06-16-2010 03:03;0;0
06-16-2010 03:04;0;0
06-16-2010 03:05;0;0
06-16-2010 03:06;0;0
06-16-2010 03:07;0;0
06-16-2010 03:08;0;0
06-16-2010 03:09;3;0
06-16-2010 03:10;0;0
06-16-2010 03:11;0;0
06-16-2010 03:12;69;0
06-16-2010 03:13;0;0
06-16-2010 03:14;0;0
06-16-2010 03:15;0;0
06-16-2010 03:16;0;0
06-16-2010 03:17;16;0
06-16-2010 03:18;0;0
06-16-2010 03:19;0;0
06-16-2010 03:20;0;0
06-16-2010 03:21;0;0
06-16-2010 03:22;0;0
06-16-2010 03:23;0;0
06-16-2010 03:24;0;0
06-16-2010 03:25;0;0
06-16-2010 03:26;0;0
06-16-2010 03:27;0;0
06-16-2010 03:28;0;0
06-16-2010 03:29;0;0
06-16-2010 03:30;0;0
06-16-2010 03:31;0;0
06-16-2010 03:32;0;0
06-16-2010 03:33;0;0
06-16-2010 03:34;0;0
06-16-2010 03:35;0;0
06-16-2010 03:36;0;0
06-16-2010 03:37;0;0
06-16-2010 03:38;0;0
06-16-2010 03:39;0;0
06-16-2010 03:40;0;0
06-16-2010 03:41;0;0
06-16-2010 03:42;0;0
06-16-2010 03:43;0;0
06-16-2010 03:44;0;0
06-16-2010 03:45;0;0
06-16-2010 03:46;0;0
06-16-2010 03:47;0;0
06-16-2010 03:48;0;0
06-16-2010 03:49;0;0
06-16-2010 03:50;0;0
06-16-2010 03:51;43;0
06-16-2010 03:52;0;0
06-16-2010 03:53;0;0
06-16-2010 03:54;0;0
06-16-2010 03:55;0;0
06-16-2010 03:56;0;0
06-16-2010 03:57;0;0
06-16-2010 03:58;0;0
06-16-2010 03:59;0;0
06-16-2010 04:00;0;0
06-16-2010 04:01;0;0
06-16-2010 04:02;0;0
06-16-2010 04:03;0;0
06-16-2010 04:04;0;0
06-16-2010 04:05;0;0
06-16-2010 04:06;0;0
06-16-2010 04:07;0;0
06-16-2010 04:08;0;0
06-16-2010 04:09;0;0
06-16-2010 04:10;0;0
06-16-2010 04:11;0;0
06-16-2010 04:12;0;0
06-16-2010 04:13;0;0
06-16-2010 04:14;0;0
06-16-2010 04:15;0;0
06-16-2010 04:16;0;0
06-16-2010 04:17;0;0
06-16-2010 04:18;0;0
06-16-2010 04:19;0;0
06-16-2010 04:20;0;0
06-16-2010 04:21;0;0
06-16-2010 04:22;168;0
06-16-2010 04:23;0;0
06-16-2010 04:24;0;0
06-16-2010 04:25;0;0
06-16-2010 04:26;0;0
06-16-2010 04:27;0;0
06-16-2010 04:28;0;0
06-16-2010 04:29;0;0
06-16-2010 04:30;0;0
06-16-2010 04:31;0;0
06-16-2010 04:32;0;0
06-16-2010 04:33;0;0
06-16-2010 04:34;0;0
06-16-2010 04:35;0;0
06-16-2010 04:36;0;0
06-16-2010 04:37;0;0
06-16-2010 04:38;0;0
06-16-2010 04:39;0;0
06-16-2010 04:40;0;0
06-16-2010 04:41;0;0
06-16-2010 04:42;0;0
06-16-2010 04:43;0;0
06-16-2010 04:44;0;0
06-16-2010 04:45;0;0
06-16-2010 04:46;0;0
06-16-2010 04:47;0;0
06-16-2010 04:48;0;0
06-16-2010 04:49;0;0
06-16-2010 04:50;3;0
06-16-2010 04:51;0;0
06-16-2010 04:52;0;0
06-16-2010 04:53;0;0
06-16-2010 04:54;0;0
06-16-2010 04:55;0;0
06-16-2010 04:56;0;0
06-16-2010 04:57;0;0
06-16-2010 04:58;0;0
06-16-2010 04:59;0;0
06-16-2010 05:00;0;0
06-16-2010 05:01;0;0
06-16-2010 05:02;0;0
06-16-2010 05:03;0;0
06-16-2010 05:04;0;0
06-16-2010 05:05;0;0
06-16-2010 05:06;0;0
06-16-2010 05:07;0;0
06-16-2010 05:08;0;0
06-16-2010 05:09;0;0
06-16-2010 05:10;0;0
06-16-2010 05:11;0;0
06-16-2010 05:12;5;0
06-16-2010 05:13;240;0
06-16-2010 05:14;483;0
06-16-2010 05:15;12;0
06-16-2010 05:16;498;0
06-16-2010 05:17;0;0
06-16-2010 05:18;0;0
06-16-2010 05:19;0;0
06-16-2010 05:20;0;0
06-16-2010 05:21;0;0
06-16-2010 05:22;168;0
06-16-2010 05:23;0;0
06-16-2010 05:24;0;0
06-16-2010 05:25;86;0
06-16-2010 05:26;0;0
06-16-2010 05:27;0;0
06-16-2010 05:28;0;0
06-16-2010 05:29;47;0
06-16-2010 05:30;38;0
06-16-2010 05:31;10;0
06-16-2010 05:32;0;0
06-16-2010 05:33;0;0
06-16-2010 05:34;38;0
06-16-2010 05:35;45;0
06-16-2010 05:36;0;0
06-16-2010 05:37;0;0
06-16-2010 05:38;0;0
06-16-2010 05:39;62;0
06-16-2010 05:40;0;0
06-16-2010 05:41;0;0
06-16-2010 05:42;0;0
06-16-2010 05:43;0;0
06-16-2010 05:44;0;0
06-16-2010 05:45;0;0
06-16-2010 05:46;12;0
06-16-2010 05:47;304;0
06-16-2010 05:48;232;0
06-16-2010 05:49;97;0
06-16-2010 05:50;189;0
06-16-2010 05:51;80;0
06-16-2010 05:52;0;0
06-16-2010 05:53;0;0
06-16-2010 05:54;7;0
06-16-2010 05:55;69;0
06-16-2010 05:56;24;0
06-16-2010 05:57;758;0
06-16-2010 05:58;586;0
06-16-2010 05:59;451;0
06-16-2010 06:00;209;0
06-16-2010 06:01;104;0
06-16-2010 06:02;59;0
06-16-2010 06:03;21;0
06-16-2010 06:04;26;0
06-16-2010 06:05;126;0
06-16-2010 06:06;24;0
06-16-2010 06:07;19;0
06-16-2010 06:08;24;0
06-16-2010 06:09;19;0
06-16-2010 06:10;50;0
06-16-2010 06:11;3;0
06-16-2010 06:12;50;0
06-16-2010 06:13;90;0
06-16-2010 06:14;43;0
06-16-2010 06:15;0;0
06-16-2010 06:16;0;0
06-16-2010 06:17;26;0
06-16-2010 06:18;83;0
06-16-2010 06:19;163;0
06-16-2010 06:20;0;0
06-16-2010 06:21;0;0
06-16-2010 06:22;3;0
06-16-2010 06:23;35;0
06-16-2010 06:24;0;0
06-16-2010 06:25;55;0
06-16-2010 06:26;66;0
06-16-2010 06:27;54;0
06-16-2010 06:28;0;0
06-16-2010 06:29;3;0
06-16-2010 06:30;14;0
06-16-2010 06:31;40;0
06-16-2010 06:32;43;0
06-16-2010 06:33;0;0
06-16-2010 06:34;76;0
06-16-2010 06:35;66;0
06-16-2010 06:36;451;0
06-16-2010 06:37;0;0
06-16-2010 06:38;0;0
06-16-2010 06:39;0;0
06-16-2010 06:40;0;0
06-16-2010 06:41;24;0
06-16-2010 06:42;111;0
06-16-2010 06:43;0;0
06-16-2010 06:44;10;0
06-16-2010 06:45;0;0
06-16-2010 06:46;7;0
06-16-2010 06:47;175;0
06-16-2010 06:48;100;0
06-16-2010 06:49;21;0
06-16-2010 06:50;29;0
06-16-2010 06:51;10;0
06-16-2010 06:52;55;0
06-16-2010 06:53;5;0
06-16-2010 06:54;0;0
06-16-2010 06:55;0;0
06-16-2010 06:56;69;0
06-16-2010 06:57;54;0
06-16-2010 06:58;0;0
06-16-2010 06:59;0;0
06-16-2010 07:00;52;0
06-16-2010 07:01;36;0
06-16-2010 07:02;0;0
06-16-2010 07:03;3;0
06-16-2010 07:04;107;0
06-16-2010 07:05;9;0
06-16-2010 07:06;55;0
06-16-2010 07:07;35;0
06-16-2010 07:08;0;0
06-16-2010 07:09;0;0
06-16-2010 07:10;3;0
06-16-2010 07:11;9;0
06-16-2010 07:12;31;0
06-16-2010 07:13;73;0
06-16-2010 07:14;36;0
06-16-2010 07:15;0;0
06-16-2010 07:16;0;0
06-16-2010 07:17;0;0
06-16-2010 07:18;3;0
06-16-2010 07:19;36;0
06-16-2010 07:20;0;0
06-16-2010 07:21;14;0
06-16-2010 07:22;42;0
06-16-2010 07:23;86;0
06-16-2010 07:24;0;0
06-16-2010 07:25;3;0
06-16-2010 07:26;0;0
06-16-2010 07:27;0;0
06-16-2010 07:28;59;0
06-16-2010 07:29;336;0
06-16-2010 07:30;467;0
06-16-2010 07:31;3;0
06-16-2010 07:32;54;0
06-16-2010 07:33;3;0
06-16-2010 07:34;0;0
06-16-2010 07:35;12;0
06-16-2010 07:36;69;0
06-16-2010 07:37;90;0
06-16-2010 07:38;21;0
06-16-2010 07:39;62;0
06-16-2010 07:40;137;0
06-16-2010 07:41;66;0
06-16-2010 07:42;83;0
06-16-2010 07:43;9;0
06-16-2010 07:44;111;0
06-16-2010 07:45;17;0
06-16-2010 07:46;62;0
06-16-2010 07:47;131;0
06-16-2010 07:48;93;0
06-16-2010 07:49;62;0
06-16-2010 07:50;24;0
06-16-2010 07:51;42;0
06-16-2010 07:52;93;0
06-16-2010 07:53;209;0
06-16-2010 07:54;834;0
06-16-2010 07:55;498;0
06-16-2010 07:56;16;0
06-16-2010 07:57;137;0
06-16-2010 07:58;202;0
06-16-2010 07:59;360;0
06-16-2010 08:00;0;0
06-16-2010 08:01;0;0
06-16-2010 08:02;0;0
06-16-2010 08:03;0;0
06-16-2010 08:04;0;0
06-16-2010 08:05;0;0
06-16-2010 08:06;0;0
06-16-2010 08:07;0;0
06-16-2010 08:08;0;0
06-16-2010 08:09;0;0
06-16-2010 08:10;0;0
06-16-2010 08:11;0;0
06-16-2010 08:12;0;0
06-16-2010 08:13;0;0
06-16-2010 08:14;0;0
06-16-2010 08:15;0;0
06-16-2010 08:16;0;0
06-16-2010 08:17;0;0
06-16-2010 08:18;121;0
06-16-2010 08:19;0;0
06-16-2010 08:20;0;0
06-16-2010 08:21;0;0
06-16-2010 08:22;0;0
06-16-2010 08:23;0;0
06-16-2010 08:24;0;0
06-16-2010 08:25;0;0
06-16-2010 08:26;0;0
06-16-2010 08:27;0;0
06-16-2010 08:28;0;0
06-16-2010 08:29;0;0
06-16-2010 08:30;0;0
06-16-2010 08:31;0;0
06-16-2010 08:32;0;0
06-16-2010 08:33;0;0
06-16-2010 08:34;0;0
06-16-2010 08:35;0;0
06-16-2010 08:36;0;0
06-16-2010 08:37;0;0
06-16-2010 08:38;0;0
06-16-2010 08:39;0;0
06-16-2010 08:40;0;0
06-16-2010 08:41;0;0
06-16-2010 08:42;0;0
06-16-2010 08:43;0;0
06-16-2010 08:44;0;0
06-16-2010 08:45;0;0
06-16-2010 08:46;0;0
06-16-2010 08:47;0;0
06-16-2010 08:48;0;0
06-16-2010 08:49;0;0
06-16-2010 08:50;0;0
06-16-2010 08:51;0;0
06-16-2010 08:52;0;0
06-16-2010 08:53;0;0
06-16-2010 08:54;5;0
06-16-2010 08:55;0;0
06-16-2010 08:56;0;0
06-16-2010 08:57;19;0
06-16-2010 08:58;0;0
06-16-2010 08:59;0;0
06-16-2010 09:00;0;0
06-16-2010 09:01;0;0
06-16-2010 09:02;0;0
06-16-2010 09:03;0;0
06-16-2010 09:04;0;0
06-16-2010 09:05;0;0
06-16-2010 09:06;0;0
06-16-2010 09:07;0;0
06-16-2010 09:08;0;0
06-16-2010 09:09;0;0
06-16-2010 09:10;0;0
06-16-2010 09:11;0;0
06-16-2010 09:12;0;0
06-16-2010 09:13;0;0
06-16-2010 09:14;9;0
06-16-2010 09:15;0;0
06-16-2010 09:16;0;0
06-16-2010 09:17;0;0
06-16-2010 09:18;0;0
06-16-2010 09:19;0;0
06-16-2010 09:20;0;0
06-16-2010 09:21;0;0
06-16-2010 09:22;0;0
06-16-2010 09:23;0;0
06-16-2010 09:24;0;0
06-16-2010 09:25;0;0
06-16-2010 09:26;0;0
06-16-2010 09:27;10;0
06-16-2010 09:28;0;0
06-16-2010 09:29;69;0
06-16-2010 09:30;0;0
06-16-2010 09:31;0;0
06-16-2010 09:32;0;0
06-16-2010 09:33;0;0
06-16-2010 09:34;0;0
06-16-2010 09:35;0;0
06-16-2010 09:36;0;0
06-16-2010 09:37;0;0
06-16-2010 09:38;0;0
06-16-2010 09:39;0;0
06-16-2010 09:40;0;0
06-16-2010 09:41;0;0
06-16-2010 09:42;0;0
06-16-2010 09:43;0;0
06-16-2010 09:44;0;0
06-16-2010 09:45;0;0
06-16-2010 09:46;0;0
06-16-2010 09:47;0;0
06-16-2010 09:48;0;0
06-16-2010 09:49;0;0
06-16-2010 09:50;0;0
06-16-2010 09:51;0;0
06-16-2010 09:52;0;0
06-16-2010 09:53;0;0
06-16-2010 09:54;0;0
06-16-2010 09:55;0;0
06-16-2010 09:56;0;0
06-16-2010 09:57;0;0
06-16-2010 09:58;0;0
06-16-2010 09:59;168;0
06-16-2010 10:00;0;0
06-16-2010 10:01;0;0
06-16-2010 10:02;0;0
06-16-2010 10:03;0;0
06-16-2010 10:04;80;0
06-16-2010 10:05;0;0
06-16-2010 10:06;0;0
06-16-2010 10:07;0;0
06-16-2010 10:08;0;0
06-16-2010 10:09;0;0
06-16-2010 10:10;0;0
06-16-2010 10:11;0;0
06-16-2010 10:12;0;0
06-16-2010 10:13;0;0
06-16-2010 10:14;0;0
06-16-2010 10:15;0;0
06-16-2010 10:16;0;0
06-16-2010 10:17;0;0
06-16-2010 10:18;0;0
06-16-2010 10:19;0;0
06-16-2010 10:20;0;0
06-16-2010 10:21;0;0
06-16-2010 10:22;0;0
06-16-2010 10:23;0;0
06-16-2010 10:24;0;0
06-16-2010 10:25;0;0
06-16-2010 10:26;0;0
06-16-2010 10:27;0;0
06-16-2010 10:28;0;0
06-16-2010 10:29;0;0
06-16-2010 10:30;0;0
06-16-2010 10:31;43;0
06-16-2010 10:32;0;0
06-16-2010 10:33;0;0
06-16-2010 10:34;43;0
06-16-2010 10:35;59;0
06-16-2010 10:36;567;0
06-16-2010 10:37;152;0
06-16-2010 10:38;315;0
06-16-2010 10:39;889;0
06-16-2010 10:40;1010;0
06-16-2010 10:41;624;0
06-16-2010 10:42;275;0
06-16-2010 10:43;157;0
06-16-2010 10:44;66;0
06-16-2010 10:45;48;0
06-16-2010 10:46;483;0
06-16-2010 10:47;948;0
06-16-2010 10:48;107;0
06-16-2010 10:49;396;0
06-16-2010 10:50;131;0
06-16-2010 10:51;284;0
06-16-2010 10:52;62;0
06-16-2010 10:53;43;0
06-16-2010 10:54;315;0
06-16-2010 10:55;202;0
06-16-2010 10:56;666;0
06-16-2010 10:57;104;0
06-16-2010 10:58;111;0
06-16-2010 10:59;47;0
06-16-2010 11:00;10;0
06-16-2010 11:01;325;0
06-16-2010 11:02;216;0
06-16-2010 11:03;38;0
06-16-2010 11:04;76;0
06-16-2010 11:05;266;0
06-16-2010 11:06;315;0
06-16-2010 11:07;168;0
06-16-2010 11:08;266;0
06-16-2010 11:09;209;0
06-16-2010 11:10;36;0
06-16-2010 11:11;168;0
06-16-2010 11:12;360;0
06-16-2010 11:13;467;0
06-16-2010 11:14;605;0
06-16-2010 11:15;550;0
06-16-2010 11:16;216;0
06-16-2010 11:17;163;0
06-16-2010 11:18;93;0
06-16-2010 11:19;131;0
06-16-2010 11:20;182;0
06-16-2010 11:21;131;0
06-16-2010 11:22;624;0
06-16-2010 11:23;889;0
06-16-2010 11:24;336;0
06-16-2010 11:25;152;0
06-16-2010 11:26;624;0
06-16-2010 11:27;223;0
06-16-2010 11:28;294;0
06-16-2010 11:29;325;0
06-16-2010 11:30;410;0
06-16-2010 11:31;157;0
06-16-2010 11:32;42;0
06-16-2010 11:33;315;0
06-16-2010 11:34;83;0
06-16-2010 11:35;275;0
06-16-2010 11:36;168;0
06-16-2010 11:37;168;0
06-16-2010 11:38;808;0
06-16-2010 11:39;1621;1
06-16-2010 11:40;1221;1
06-16-2010 11:41;1301;1
06-16-2010 11:42;586;0
06-16-2010 11:43;1110;1
06-16-2010 11:44;861;0
06-16-2010 11:45;1475;1
06-16-2010 11:46;438;0
06-16-2010 11:47;918;0
06-16-2010 11:48;533;0
06-16-2010 11:49;467;0
06-16-2010 11:50;438;0
06-16-2010 11:51;533;0
06-16-2010 11:52;175;0
06-16-2010 11:53;360;0
06-16-2010 11:54;360;0
06-16-2010 11:55;1010;0
06-16-2010 11:56;1621;1
06-16-2010 11:57;1475;1
06-16-2010 11:58;1221;1
06-16-2010 11:59;1010;0
06-16-2010 12:00;1958;1
06-16-2010 12:01;889;0
06-16-2010 12:02;83;0
06-16-2010 12:03;451;0
06-16-2010 12:04;52;0
06-16-2010 12:05;1043;0
06-16-2010 12:06;1621;1
06-16-2010 12:07;1621;1
06-16-2010 12:08;808;0
06-16-2010 12:09;1386;1
06-16-2010 12:10;533;0
06-16-2010 12:11;62;0
06-16-2010 12:12;137;0
06-16-2010 12:13;438;0
06-16-2010 12:14;182;0
06-16-2010 12:15;131;0
06-16-2010 12:16;100;0
06-16-2010 12:17;86;0
06-16-2010 12:18;76;0
06-16-2010 12:19;121;0
06-16-2010 12:20;3;0
06-16-2010 12:21;202;0
06-16-2010 12:22;80;0
06-16-2010 12:23;121;0
06-16-2010 12:24;111;0
06-16-2010 12:25;104;0
06-16-2010 12:26;80;0
06-16-2010 12:27;97;0
06-16-2010 12:28;9;0
06-16-2010 12:29;100;0
06-16-2010 12:30;372;0
06-16-2010 12:31;147;0
06-16-2010 12:32;55;0
06-16-2010 12:33;137;0
06-16-2010 12:34;19;0
06-16-2010 12:35;54;0
06-16-2010 12:36;59;0
06-16-2010 12:37;62;0
06-16-2010 12:38;86;0
06-16-2010 12:39;62;0
06-16-2010 12:40;0;0
06-16-2010 12:41;48;0
06-16-2010 12:42;0;0
06-16-2010 12:43;121;0
06-16-2010 12:44;175;0
06-16-2010 12:45;410;0
06-16-2010 12:46;284;0
06-16-2010 12:47;1110;1
06-16-2010 12:48;948;0
06-16-2010 12:49;1430;1
06-16-2010 12:50;451;0
06-16-2010 12:51;189;0
06-16-2010 12:52;93;0
06-16-2010 12:53;889;0
06-16-2010 12:54;1261;1
06-16-2010 12:55;782;0
06-16-2010 12:56;586;0
06-16-2010 12:57;515;0
06-16-2010 12:58;1621;1
06-16-2010 12:59;438;0
06-16-2010 13:00;104;0
06-16-2010 13:01;315;0
06-16-2010 13:02;168;0
06-16-2010 13:03;624;0
06-16-2010 13:04;918;0
06-16-2010 13:05;733;0
06-16-2010 13:06;1301;1
06-16-2010 13:07;1958;1
06-16-2010 13:08;1673;1
06-16-2010 13:09;889;0
06-16-2010 13:10;889;0
06-16-2010 13:11;1010;0
06-16-2010 13:12;1010;0
06-16-2010 13:13;1043;0
06-16-2010 13:14;550;0
06-16-2010 13:15;808;0
06-16-2010 13:16;711;0
06-16-2010 13:17;1110;1
06-16-2010 13:18;1261;1
06-16-2010 13:19;1076;0
06-16-2010 13:20;918;0
06-16-2010 13:21;1475;1
06-16-2010 13:22;1261;1
06-16-2010 13:23;1301;1
06-16-2010 13:24;889;0
06-16-2010 13:25;2084;1
06-16-2010 13:26;1386;1
06-16-2010 13:27;1475;1
06-16-2010 13:28;979;0
06-16-2010 13:29;733;0
06-16-2010 13:30;498;0
06-16-2010 13:31;1076;0
06-16-2010 13:32;624;0
06-16-2010 13:33;758;0
06-16-2010 13:34;979;0
06-16-2010 13:35;645;0
06-16-2010 13:36;348;0
06-16-2010 13:37;533;0
06-16-2010 13:38;396;0
06-16-2010 13:39;266;0
06-16-2010 13:40;202;0
06-16-2010 13:41;189;0
06-16-2010 13:42;348;0
06-16-2010 13:43;758;0
06-16-2010 13:44;396;0
06-16-2010 13:45;948;0
06-16-2010 13:46;711;0
06-16-2010 13:47;948;0
06-16-2010 13:48;1430;1
06-16-2010 13:49;1147;1
06-16-2010 13:50;1043;0
06-16-2010 13:51;1076;0
06-16-2010 13:52;1261;1
06-16-2010 13:53;275;0
06-16-2010 13:54;861;0
06-16-2010 13:55;861;0
06-16-2010 13:56;209;0
06-16-2010 13:57;624;0
06-16-2010 13:58;567;0
06-16-2010 13:59;31;0
06-16-2010 14:00;97;0
06-16-2010 14:01;624;0
06-16-2010 14:02;372;0
06-16-2010 14:03;567;0
06-16-2010 14:04;624;0
06-16-2010 14:05;284;0
06-16-2010 14:06;86;0
06-16-2010 14:07;266;0
06-16-2010 14:08;249;0
06-16-2010 14:09;0;0
06-16-2010 14:10;90;0
06-16-2010 14:11;294;0
06-16-2010 14:12;467;0
06-16-2010 14:13;189;0
06-16-2010 14:14;42;0
06-16-2010 14:15;410;0
06-16-2010 14:16;384;0
06-16-2010 14:17;451;0
06-16-2010 14:18;86;0
06-16-2010 14:19;0;0
06-16-2010 14:20;834;0
06-16-2010 14:21;438;0
06-16-2010 14:22;202;0
06-16-2010 14:23;86;0
06-16-2010 14:24;0;0
06-16-2010 14:25;0;0
06-16-2010 14:26;0;0
06-16-2010 14:27;54;0
06-16-2010 14:28;126;0
06-16-2010 14:29;0;0
06-16-2010 14:30;0;0
06-16-2010 14:31;5;0
06-16-2010 14:32;315;0
06-16-2010 14:33;168;0
06-16-2010 14:34;0;0
06-16-2010 14:35;116;0
06-16-2010 14:36;0;0
06-16-2010 14:37;76;0
06-16-2010 14:38;0;0
06-16-2010 14:39;0;0
06-16-2010 14:40;0;0
06-16-2010 14:41;315;0
06-16-2010 14:42;1076;0
06-16-2010 14:43;1043;0
06-16-2010 14:44;1261;1
06-16-2010 14:45;1183;1
06-16-2010 14:46;1110;1
06-16-2010 14:47;1782;1
06-16-2010 14:48;1043;0
06-16-2010 14:49;1261;1
06-16-2010 14:50;1342;1
06-16-2010 14:51;1261;1
06-16-2010 14:52;1475;1
06-16-2010 14:53;1261;1
06-16-2010 14:54;861;0
06-16-2010 14:55;410;0
06-16-2010 14:56;1183;1
06-16-2010 14:57;1043;0
06-16-2010 14:58;360;0
06-16-2010 14:59;782;0
06-16-2010 15:00;979;0
06-16-2010 15:01;1261;1
06-16-2010 15:02;336;0
06-16-2010 15:03;1043;0
06-16-2010 15:04;645;0
06-16-2010 15:05;1522;1
06-16-2010 15:06;567;0
06-16-2010 15:07;498;0
06-16-2010 15:08;733;0
06-16-2010 15:09;1301;1
06-16-2010 15:10;1043;0
06-16-2010 15:11;1010;0
06-16-2010 15:12;918;0
06-16-2010 15:13;1430;1
06-16-2010 15:14;1522;1
06-16-2010 15:15;688;0
06-16-2010 15:16;1010;0
06-16-2010 15:17;808;0
06-16-2010 15:18;645;0
06-16-2010 15:19;16;0
06-16-2010 15:20;21;0
06-16-2010 15:21;107;0
06-16-2010 15:22;17;0
06-16-2010 15:23;223;0
06-16-2010 15:24;137;0
06-16-2010 15:25;73;0
06-16-2010 15:26;28;0
06-16-2010 15:27;62;0
06-16-2010 15:28;73;0
06-16-2010 15:29;66;0
06-16-2010 15:30;55;0
06-16-2010 15:31;48;0
06-16-2010 15:32;24;0
06-16-2010 15:33;0;0
06-16-2010 15:34;232;0
06-16-2010 15:35;121;0
06-16-2010 15:36;36;0
06-16-2010 15:37;50;0
06-16-2010 15:38;467;0
06-16-2010 15:39;0;0
06-16-2010 15:40;0;0
06-16-2010 15:41;0;0
06-16-2010 15:42;0;0
06-16-2010 15:43;0;0
06-16-2010 15:44;0;0
06-16-2010 15:45;0;0
06-16-2010 15:46;0;0
06-16-2010 15:47;0;0
06-16-2010 15:48;0;0
06-16-2010 15:49;294;0
06-16-2010 15:50;26;0
06-16-2010 15:51;10;0
06-16-2010 15:52;0;0
06-16-2010 15:53;1183;1
06-16-2010 15:54;624;0
06-16-2010 15:55;861;0
06-16-2010 15:56;666;0
06-16-2010 15:57;758;0
06-16-2010 15:58;567;0
06-16-2010 15:59;688;0
06-16-2010 16:00;515;0
06-16-2010 16:01;315;0
06-16-2010 16:02;567;0
06-16-2010 16:03;550;0
06-16-2010 16:04;336;0
06-16-2010 16:05;195;0
06-16-2010 16:06;50;0
06-16-2010 16:07;97;0
06-16-2010 16:08;142;0
06-16-2010 16:09;40;0
06-16-2010 16:10;175;0
06-16-2010 16:11;175;0
06-16-2010 16:12;86;0
06-16-2010 16:13;31;0
06-16-2010 16:14;62;0
06-16-2010 16:15;157;0
06-16-2010 16:16;438;0
06-16-2010 16:17;348;0
06-16-2010 16:18;152;0
06-16-2010 16:19;26;0
06-16-2010 16:20;16;0
06-16-2010 16:21;0;0
06-16-2010 16:22;3;0
06-16-2010 16:23;0;0
06-16-2010 16:24;0;0
06-16-2010 16:25;0;0
06-16-2010 16:26;0;0
06-16-2010 16:27;31;0
06-16-2010 16:28;0;0
06-16-2010 16:29;202;0
06-16-2010 16:30;889;0
06-16-2010 16:31;733;0
06-16-2010 16:32;163;0
06-16-2010 16:33;131;0
06-16-2010 16:34;0;0
06-16-2010 16:35;0;0
06-16-2010 16:36;0;0
06-16-2010 16:37;0;0
06-16-2010 16:38;0;0
06-16-2010 16:39;0;0
06-16-2010 16:40;0;0
06-16-2010 16:41;0;0
06-16-2010 16:42;0;0
06-16-2010 16:43;0;0
06-16-2010 16:44;0;0
06-16-2010 16:45;0;0
06-16-2010 16:46;0;0
06-16-2010 16:47;0;0
06-16-2010 16:48;0;0
06-16-2010 16:49;0;0
06-16-2010 16:50;0;0
06-16-2010 16:51;0;0
06-16-2010 16:52;0;0
06-16-2010 16:53;0;0
06-16-2010 16:54;0;0
06-16-2010 16:55;0;0
06-16-2010 16:56;0;0
06-16-2010 16:57;0;0
06-16-2010 16:58;0;0
06-16-2010 16:59;0;0
06-16-2010 17:00;0;0
06-16-2010 17:01;0;0
06-16-2010 17:02;0;0
06-16-2010 17:03;0;0
06-16-2010 17:04;0;0
06-16-2010 17:05;0;0
06-16-2010 17:06;0;0
06-16-2010 17:07;0;0
06-16-2010 17:08;0;0
06-16-2010 17:09;0;0
06-16-2010 17:10;0;0
06-16-2010 17:11;0;0
06-16-2010 17:12;0;0
06-16-2010 17:13;0;0
06-16-2010 17:14;0;0
06-16-2010 17:15;0;0
06-16-2010 17:16;111;0
06-16-2010 17:17;5;0
06-16-2010 17:18;12;0
06-16-2010 17:19;0;0
06-16-2010 17:20;5;0
06-16-2010 17:21;0;0
06-16-2010 17:22;0;0
06-16-2010 17:23;0;0
06-16-2010 17:24;0;0
06-16-2010 17:25;1043;0
06-16-2010 17:26;121;0
06-16-2010 17:27;1183;1
06-16-2010 17:28;1475;1
06-16-2010 17:29;1043;0
06-16-2010 17:30;688;0
06-16-2010 17:31;861;0
06-16-2010 17:32;90;0
06-16-2010 17:33;10;0
06-16-2010 17:34;3;0
06-16-2010 17:35;14;0
06-16-2010 17:36;9;0
06-16-2010 17:37;9;0
06-16-2010 17:38;483;0
06-16-2010 17:39;567;0
06-16-2010 17:40;66;0
06-16-2010 17:41;24;0
06-16-2010 17:42;10;0
06-16-2010 17:43;0;0
06-16-2010 17:44;10;0
06-16-2010 17:45;16;0
06-16-2010 17:46;304;0
06-16-2010 17:47;62;0
06-16-2010 17:48;116;0
06-16-2010 17:49;624;0
06-16-2010 17:50;515;0
06-16-2010 17:51;384;0
06-16-2010 17:52;304;0
06-16-2010 17:53;209;0
06-16-2010 17:54;384;0
06-16-2010 17:55;861;0
06-16-2010 17:56;624;0
06-16-2010 17:57;834;0
06-16-2010 17:58;861;0
06-16-2010 17:59;1342;1
06-16-2010 18:00;688;0
06-16-2010 18:01;451;0
06-16-2010 18:02;1010;0
06-16-2010 18:03;451;0
06-16-2010 18:04;360;0
06-16-2010 18:05;861;0
06-16-2010 18:06;808;0
06-16-2010 18:07;1261;1
06-16-2010 18:08;1010;0
06-16-2010 18:09;861;0
06-16-2010 18:10;758;0
06-16-2010 18:11;1342;1
06-16-2010 18:12;550;0
06-16-2010 18:13;688;0
06-16-2010 18:14;550;0
06-16-2010 18:15;515;0
06-16-2010 18:16;834;0
06-16-2010 18:17;1342;1
06-16-2010 18:18;372;0
06-16-2010 18:19;294;0
06-16-2010 18:20;467;0
06-16-2010 18:21;438;0
06-16-2010 18:22;979;0
06-16-2010 18:23;861;0
06-16-2010 18:24;711;0
06-16-2010 18:25;782;0
06-16-2010 18:26;605;0
06-16-2010 18:27;567;0
06-16-2010 18:28;467;0
06-16-2010 18:29;483;0
06-16-2010 18:30;216;0
06-16-2010 18:31;451;0
06-16-2010 18:32;567;0
06-16-2010 18:33;515;0
06-16-2010 18:34;567;0
06-16-2010 18:35;66;0
06-16-2010 18:36;424;0
06-16-2010 18:37;249;0
06-16-2010 18:38;284;0
06-16-2010 18:39;758;0
06-16-2010 18:40;550;0
06-16-2010 18:41;360;0
06-16-2010 18:42;451;0
06-16-2010 18:43;666;0
06-16-2010 18:44;467;0
06-16-2010 18:45;410;0
06-16-2010 18:46;467;0
06-16-2010 18:47;645;0
06-16-2010 18:48;1010;0
06-16-2010 18:49;1043;0
06-16-2010 18:50;758;0
06-16-2010 18:51;515;0
06-16-2010 18:52;304;0
06-16-2010 18:53;14;0
06-16-2010 18:54;483;0
06-16-2010 18:55;483;0
06-16-2010 18:56;483;0
06-16-2010 18:57;438;0
06-16-2010 18:58;451;0
06-16-2010 18:59;80;0
06-16-2010 19:00;498;0
06-16-2010 19:01;733;0
06-16-2010 19:02;223;0
06-16-2010 19:03;396;0
06-16-2010 19:04;304;0
06-16-2010 19:05;240;0
06-16-2010 19:06;195;0
06-16-2010 19:07;35;0
06-16-2010 19:08;29;0
06-16-2010 19:09;711;0
06-16-2010 19:10;258;0
06-16-2010 19:11;147;0
06-16-2010 19:12;396;0
06-16-2010 19:13;240;0
06-16-2010 19:14;232;0
06-16-2010 19:15;111;0
06-16-2010 19:16;258;0
06-16-2010 19:17;498;0
06-16-2010 19:18;384;0
06-16-2010 19:19;451;0
06-16-2010 19:20;918;0
06-16-2010 19:21;861;0
06-16-2010 19:22;861;0
06-16-2010 19:23;195;0
06-16-2010 19:24;175;0
06-16-2010 19:25;175;0
06-16-2010 19:26;438;0
06-16-2010 19:27;384;0
06-16-2010 19:28;567;0
06-16-2010 19:29;451;0
06-16-2010 19:30;163;0
06-16-2010 19:31;396;0
06-16-2010 19:32;451;0
06-16-2010 19:33;515;0
06-16-2010 19:34;438;0
06-16-2010 19:35;533;0
06-16-2010 19:36;424;0
06-16-2010 19:37;284;0
06-16-2010 19:38;688;0
06-16-2010 19:39;605;0
06-16-2010 19:40;396;0
06-16-2010 19:41;424;0
06-16-2010 19:42;294;0
06-16-2010 19:43;711;0
06-16-2010 19:44;533;0
06-16-2010 19:45;266;0
06-16-2010 19:46;586;0
06-16-2010 19:47;336;0
06-16-2010 19:48;100;0
06-16-2010 19:49;189;0
06-16-2010 19:50;325;0
06-16-2010 19:51;35;0
06-16-2010 19:52;209;0
06-16-2010 19:53;202;0
06-16-2010 19:54;152;0
06-16-2010 19:55;182;0
06-16-2010 19:56;498;0
06-16-2010 19:57;348;0
06-16-2010 19:58;294;0
06-16-2010 19:59;266;0
06-16-2010 20:00;304;0
06-16-2010 20:01;66;0
06-16-2010 20:02;266;0
06-16-2010 20:03;209;0
06-16-2010 20:04;438;0
06-16-2010 20:05;168;0
06-16-2010 20:06;121;0
06-16-2010 20:07;372;0
06-16-2010 20:08;284;0
06-16-2010 20:09;100;0
06-16-2010 20:10;223;0
06-16-2010 20:11;93;0
06-16-2010 20:12;116;0
06-16-2010 20:13;19;0
06-16-2010 20:14;438;0
06-16-2010 20:15;126;0
06-16-2010 20:16;348;0
06-16-2010 20:17;567;0
06-16-2010 20:18;451;0
06-16-2010 20:19;83;0
06-16-2010 20:20;451;0
06-16-2010 20:21;515;0
06-16-2010 20:22;195;0
06-16-2010 20:23;325;0
06-16-2010 20:24;360;0
06-16-2010 20:25;348;0
06-16-2010 20:26;438;0
06-16-2010 20:27;360;0
06-16-2010 20:28;348;0
06-16-2010 20:29;336;0
06-16-2010 20:30;111;0
06-16-2010 20:31;175;0
06-16-2010 20:32;97;0
06-16-2010 20:33;168;0
06-16-2010 20:34;80;0
06-16-2010 20:35;384;0
06-16-2010 20:36;5;0
06-16-2010 20:37;202;0
06-16-2010 20:38;7;0
06-16-2010 20:39;175;0
06-16-2010 20:40;104;0
06-16-2010 20:41;240;0
06-16-2010 20:42;142;0
06-16-2010 20:43;157;0
06-16-2010 20:44;424;0
06-16-2010 20:45;384;0
06-16-2010 20:46;315;0
06-16-2010 20:47;498;0
06-16-2010 20:48;918;0
06-16-2010 20:49;834;0
06-16-2010 20:50;147;0
06-16-2010 20:51;666;0
06-16-2010 20:52;1043;0
06-16-2010 20:53;586;0
06-16-2010 20:54;624;0
06-16-2010 20:55;104;0
06-16-2010 20:56;116;0
06-16-2010 20:57;152;0
06-16-2010 20:58;284;0
06-16-2010 20:59;163;0
06-16-2010 21:00;304;0
06-16-2010 21:01;266;0
06-16-2010 21:02;1110;1
06-16-2010 21:03;396;0
06-16-2010 21:04;533;0
06-16-2010 21:05;410;0
06-16-2010 21:06;1043;0
06-16-2010 21:07;1110;1
06-16-2010 21:08;550;0
06-16-2010 21:09;348;0
06-16-2010 21:10;918;0
06-16-2010 21:11;1386;1
06-16-2010 21:12;666;0
06-16-2010 21:13;396;0
06-16-2010 21:14;348;0
06-16-2010 21:15;348;0
06-16-2010 21:16;209;0
06-16-2010 21:17;624;0
06-16-2010 21:18;384;0
06-16-2010 21:19;758;0
06-16-2010 21:20;948;0
06-16-2010 21:21;666;0
06-16-2010 21:22;586;0
06-16-2010 21:23;396;0
06-16-2010 21:24;152;0
06-16-2010 21:25;223;0
06-16-2010 21:26;116;0
06-16-2010 21:27;142;0
06-16-2010 21:28;0;0
06-16-2010 21:29;0;0
06-16-2010 21:30;451;0
06-16-2010 21:31;372;0
06-16-2010 21:32;31;0
06-16-2010 21:33;163;0
06-16-2010 21:34;14;0
06-16-2010 21:35;3;0
06-16-2010 21:36;0;0
06-16-2010 21:37;47;0
06-16-2010 21:38;62;0
06-16-2010 21:39;0;0
06-16-2010 21:40;0;0
06-16-2010 21:41;5;0
06-16-2010 21:42;83;0
06-16-2010 21:43;249;0
06-16-2010 21:44;69;0
06-16-2010 21:45;5;0
06-16-2010 21:46;0;0
06-16-2010 21:47;147;0
06-16-2010 21:48;733;0
06-16-2010 21:49;1183;1
06-16-2010 21:50;533;0
06-16-2010 21:51;294;0
06-16-2010 21:52;451;0
06-16-2010 21:53;624;0
06-16-2010 21:54;168;0
06-16-2010 21:55;315;0
06-16-2010 21:56;175;0
06-16-2010 21:57;202;0
06-16-2010 21:58;232;0
06-16-2010 21:59;48;0
06-16-2010 22:00;304;0
06-16-2010 22:01;645;0
06-16-2010 22:02;1010;0
06-16-2010 22:03;515;0
06-16-2010 22:04;586;0
06-16-2010 22:05;688;0
06-16-2010 22:06;758;0
06-16-2010 22:07;586;0
06-16-2010 22:08;1147;1
06-16-2010 22:09;1221;1
06-16-2010 22:10;808;0
06-16-2010 22:11;348;0
06-16-2010 22:12;586;0
06-16-2010 22:13;808;0
06-16-2010 22:14;586;0
06-16-2010 22:15;533;0
06-16-2010 22:16;624;0
06-16-2010 22:17;550;0
06-16-2010 22:18;348;0
06-16-2010 22:19;384;0
06-16-2010 22:20;232;0
06-16-2010 22:21;360;0
06-16-2010 22:22;438;0
06-16-2010 22:23;90;0
06-16-2010 22:24;116;0
06-16-2010 22:25;97;0
06-16-2010 22:26;86;0
06-16-2010 22:27;175;0
06-16-2010 22:28;360;0
06-16-2010 22:29;315;0
06-16-2010 22:30;100;0
06-16-2010 22:31;12;0
06-16-2010 22:32;0;0
06-16-2010 22:33;0;0
06-16-2010 22:34;5;0
06-16-2010 22:35;0;0
06-16-2010 22:36;0;0
06-16-2010 22:37;0;0
06-16-2010 22:38;0;0
06-16-2010 22:39;0;0
06-16-2010 22:40;0;0
06-16-2010 22:41;90;0
06-16-2010 22:42;0;0
06-16-2010 22:43;0;0
06-16-2010 22:44;0;0
06-16-2010 22:45;80;0
06-16-2010 22:46;3;0
06-16-2010 22:47;100;0
06-16-2010 22:48;126;0
06-16-2010 22:49;116;0
06-16-2010 22:50;0;0
06-16-2010 22:51;86;0
06-16-2010 22:52;0;0
06-16-2010 22:53;0;0
06-16-2010 22:54;0;0
06-16-2010 22:55;0;0
06-16-2010 22:56;189;0
06-16-2010 22:57;711;0
06-16-2010 22:58;424;0
06-16-2010 22:59;1221;1
06-16-2010 23:00;438;0
06-16-2010 23:01;3;0
06-16-2010 23:02;7;0
06-16-2010 23:03;0;0
06-16-2010 23:04;0;0
06-16-2010 23:05;3;0
06-16-2010 23:06;3;0
06-16-2010 23:07;209;0
06-16-2010 23:08;0;0
06-16-2010 23:09;195;0
06-16-2010 23:10;223;0
06-16-2010 23:11;360;0
06-16-2010 23:12;266;0
06-16-2010 23:13;52;0
06-16-2010 23:14;586;0
06-16-2010 23:15;73;0
06-16-2010 23:16;59;0
06-16-2010 23:17;0;0
06-16-2010 23:18;0;0
06-16-2010 23:19;5;0
06-16-2010 23:20;533;0
06-16-2010 23:21;284;0
06-16-2010 23:22;0;0
06-16-2010 23:23;0;0
06-16-2010 23:24;0;0
06-16-2010 23:25;93;0
06-16-2010 23:26;168;0
06-16-2010 23:27;5;0
06-16-2010 23:28;45;0
06-16-2010 23:29;0;0
06-16-2010 23:30;0;0
06-16-2010 23:31;0;0
06-16-2010 23:32;21;0
06-16-2010 23:33;0;0
06-16-2010 23:34;0;0
06-16-2010 23:35;0;0
06-16-2010 23:36;0;0
06-16-2010 23:37;0;0
06-16-2010 23:38;948;0
06-16-2010 23:39;624;0
06-16-2010 23:40;0;0
06-16-2010 23:41;0;0
06-16-2010 23:42;0;0
06-16-2010 23:43;0;0
06-16-2010 23:44;0;0
06-16-2010 23:45;0;0
06-16-2010 23:46;0;0
06-16-2010 23:47;533;0
06-16-2010 23:48;889;0
06-16-2010 23:49;50;0
06-16-2010 23:50;137;0
06-16-2010 23:51;93;0
06-16-2010 23:52;21;0
06-16-2010 23:53;5;0
06-16-2010 23:54;62;0
06-16-2010 23:55;21;0
06-16-2010 23:56;29;0
06-16-2010 23:57;36;0
06-16-2010 23:58;0;0
06-16-2010 23:59;22;0
06-17-2010 00:00;10;0
06-17-2010 00:01;3;0
06-17-2010 00:02;29;0
06-17-2010 00:03;9;0
06-17-2010 00:04;26;0
06-17-2010 00:05;3;0
06-17-2010 00:06;5;0
06-17-2010 00:07;31;0
06-17-2010 00:08;16;0
06-17-2010 00:09;14;0
06-17-2010 00:10;14;0
06-17-2010 00:11;10;0
06-17-2010 00:12;10;0
06-17-2010 00:13;9;0
06-17-2010 00:14;66;0
06-17-2010 00:15;16;0
06-17-2010 00:16;3;0
06-17-2010 00:17;47;0
06-17-2010 00:18;45;0
06-17-2010 00:19;86;0
06-17-2010 00:20;0;0
06-17-2010 00:21;0;0
06-17-2010 00:22;3;0
06-17-2010 00:23;0;0
06-17-2010 00:24;43;0
06-17-2010 00:25;0;0
06-17-2010 00:26;0;0
06-17-2010 00:27;0;0
06-17-2010 00:28;80;0
06-17-2010 00:29;0;0
06-17-2010 00:30;35;0
06-17-2010 00:31;69;0
06-17-2010 00:32;48;0
06-17-2010 00:33;3;0
06-17-2010 00:34;22;0
06-17-2010 00:35;0;0
06-17-2010 00:36;9;0
06-17-2010 00:37;0;0
06-17-2010 00:38;54;0
06-17-2010 00:39;24;0
06-17-2010 00:40;0;0
06-17-2010 00:41;3;0
06-17-2010 00:42;86;0
06-17-2010 00:43;3;0
06-17-2010 00:44;3;0
06-17-2010 00:45;14;0
06-17-2010 00:46;0;0
06-17-2010 00:47;90;0
06-17-2010 00:48;111;0
06-17-2010 00:49;861;0
06-17-2010 00:50;0;0
06-17-2010 00:51;3;0
06-17-2010 00:52;19;0
06-17-2010 00:53;29;0
06-17-2010 00:54;0;0
06-17-2010 00:55;0;0
06-17-2010 00:56;0;0
06-17-2010 00:57;0;0
06-17-2010 00:58;0;0
06-17-2010 00:59;0;0
06-17-2010 01:00;0;0
06-17-2010 01:01;0;0
06-17-2010 01:02;0;0
06-17-2010 01:03;168;0
06-17-2010 01:04;0;0
06-17-2010 01:05;0;0
06-17-2010 01:06;0;0
06-17-2010 01:07;0;0
06-17-2010 01:08;0;0
06-17-2010 01:09;0;0
06-17-2010 01:10;0;0
06-17-2010 01:11;0;0
06-17-2010 01:12;0;0
06-17-2010 01:13;0;0
06-17-2010 01:14;0;0
06-17-2010 01:15;0;0
06-17-2010 01:16;0;0
06-17-2010 01:17;0;0
06-17-2010 01:18;0;0
06-17-2010 01:19;0;0
06-17-2010 01:20;0;0
06-17-2010 01:21;0;0
06-17-2010 01:22;0;0
06-17-2010 01:23;0;0
06-17-2010 01:24;0;0
06-17-2010 01:25;0;0
06-17-2010 01:26;0;0
06-17-2010 01:27;0;0
06-17-2010 01:28;0;0
06-17-2010 01:29;0;0
06-17-2010 01:30;0;0
06-17-2010 01:31;0;0
06-17-2010 01:32;0;0
06-17-2010 01:33;0;0
06-17-2010 01:34;0;0
06-17-2010 01:35;0;0
06-17-2010 01:36;43;0
06-17-2010 01:37;50;0
06-17-2010 01:38;0;0
06-17-2010 01:39;0;0
06-17-2010 01:40;0;0
06-17-2010 01:41;0;0
06-17-2010 01:42;0;0
06-17-2010 01:43;0;0
06-17-2010 01:44;111;0
06-17-2010 01:45;0;0
06-17-2010 01:46;0;0
06-17-2010 01:47;0;0
06-17-2010 01:48;0;0
06-17-2010 01:49;0;0
06-17-2010 01:50;0;0
06-17-2010 01:51;0;0
06-17-2010 01:52;0;0
06-17-2010 01:53;0;0
06-17-2010 01:54;0;0
06-17-2010 01:55;0;0
06-17-2010 01:56;0;0
06-17-2010 01:57;0;0
06-17-2010 01:58;48;0
06-17-2010 01:59;0;0
06-17-2010 02:00;0;0
06-17-2010 02:01;0;0
06-17-2010 02:02;66;0
06-17-2010 02:03;3;0
06-17-2010 02:04;0;0
06-17-2010 02:05;0;0
06-17-2010 02:06;0;0
06-17-2010 02:07;0;0
06-17-2010 02:08;0;0
06-17-2010 02:09;0;0
06-17-2010 02:10;0;0
06-17-2010 02:11;21;0
06-17-2010 02:12;0;0
06-17-2010 02:13;0;0
06-17-2010 02:14;0;0
06-17-2010 02:15;45;0
06-17-2010 02:16;0;0
06-17-2010 02:17;0;0
06-17-2010 02:18;0;0
06-17-2010 02:19;0;0
06-17-2010 02:20;40;0
06-17-2010 02:21;29;0
06-17-2010 02:22;0;0
06-17-2010 02:23;0;0
06-17-2010 02:24;0;0
06-17-2010 02:25;0;0
06-17-2010 02:26;0;0
06-17-2010 02:27;0;0
06-17-2010 02:28;0;0
06-17-2010 02:29;0;0
06-17-2010 02:30;0;0
06-17-2010 02:31;0;0
06-17-2010 02:32;0;0
06-17-2010 02:33;0;0
06-17-2010 02:34;0;0
06-17-2010 02:35;35;0
06-17-2010 02:36;5;0
06-17-2010 02:37;0;0
06-17-2010 02:38;0;0
06-17-2010 02:39;0;0
06-17-2010 02:40;0;0
06-17-2010 02:41;28;0
06-17-2010 02:42;0;0
06-17-2010 02:43;0;0
06-17-2010 02:44;7;0
06-17-2010 02:45;0;0
06-17-2010 02:46;0;0
06-17-2010 02:47;0;0
06-17-2010 02:48;0;0
06-17-2010 02:49;0;0
06-17-2010 02:50;0;0
06-17-2010 02:51;0;0
06-17-2010 02:52;0;0
06-17-2010 02:53;0;0
06-17-2010 02:54;0;0
06-17-2010 02:55;50;0
06-17-2010 02:56;35;0
06-17-2010 02:57;0;0
06-17-2010 02:58;0;0
06-17-2010 02:59;0;0
06-17-2010 03:00;0;0
06-17-2010 03:01;0;0
06-17-2010 03:02;0;0
06-17-2010 03:03;0;0
06-17-2010 03:04;0;0
06-17-2010 03:05;0;0
06-17-2010 03:06;0;0
06-17-2010 03:07;0;0
06-17-2010 03:08;0;0
06-17-2010 03:09;62;0
06-17-2010 03:10;0;0
06-17-2010 03:11;0;0
06-17-2010 03:12;0;0
06-17-2010 03:13;0;0
06-17-2010 03:14;0;0
06-17-2010 03:15;0;0
06-17-2010 03:16;0;0
06-17-2010 03:17;0;0
06-17-2010 03:18;0;0
06-17-2010 03:19;0;0
06-17-2010 03:20;0;0
06-17-2010 03:21;0;0
06-17-2010 03:22;3;0
06-17-2010 03:23;0;0
06-17-2010 03:24;0;0
06-17-2010 03:25;0;0
06-17-2010 03:26;0;0
06-17-2010 03:27;0;0
06-17-2010 03:28;0;0
06-17-2010 03:29;0;0
06-17-2010 03:30;0;0
06-17-2010 03:31;0;0
06-17-2010 03:32;0;0
06-17-2010 03:33;17;0
06-17-2010 03:34;137;0
06-17-2010 03:35;438;0
06-17-2010 03:36;733;0
06-17-2010 03:37;202;0
06-17-2010 03:38;17;0
06-17-2010 03:39;24;0
06-17-2010 03:40;0;0
06-17-2010 03:41;0;0
06-17-2010 03:42;0;0
06-17-2010 03:43;0;0
06-17-2010 03:44;0;0
06-17-2010 03:45;0;0
06-17-2010 03:46;0;0
06-17-2010 03:47;0;0
06-17-2010 03:48;48;0
06-17-2010 03:49;0;0
06-17-2010 03:50;0;0
06-17-2010 03:51;31;0
06-17-2010 03:52;0;0
06-17-2010 03:53;0;0
06-17-2010 03:54;0;0
06-17-2010 03:55;0;0
06-17-2010 03:56;0;0
06-17-2010 03:57;0;0
06-17-2010 03:58;202;0
06-17-2010 03:59;0;0
06-17-2010 04:00;0;0
06-17-2010 04:01;0;0
06-17-2010 04:02;0;0
06-17-2010 04:03;0;0
06-17-2010 04:04;0;0
06-17-2010 04:05;232;0
06-17-2010 04:06;33;0
06-17-2010 04:07;0;0
06-17-2010 04:08;0;0
06-17-2010 04:09;0;0
06-17-2010 04:10;0;0
06-17-2010 04:11;0;0
06-17-2010 04:12;0;0
06-17-2010 04:13;0;0
06-17-2010 04:14;0;0
06-17-2010 04:15;0;0
06-17-2010 04:16;0;0
06-17-2010 04:17;0;0
06-17-2010 04:18;0;0
06-17-2010 04:19;0;0
06-17-2010 04:20;0;0
06-17-2010 04:21;0;0
06-17-2010 04:22;0;0
06-17-2010 04:23;0;0
06-17-2010 04:24;0;0
06-17-2010 04:25;0;0
06-17-2010 04:26;0;0
06-17-2010 04:27;0;0
06-17-2010 04:28;0;0
06-17-2010 04:29;0;0
06-17-2010 04:30;43;0
06-17-2010 04:31;0;0
06-17-2010 04:32;0;0
06-17-2010 04:33;0;0
06-17-2010 04:34;0;0
06-17-2010 04:35;0;0
06-17-2010 04:36;0;0
06-17-2010 04:37;0;0
06-17-2010 04:38;0;0
06-17-2010 04:39;0;0
06-17-2010 04:40;0;0
06-17-2010 04:41;0;0
06-17-2010 04:42;0;0
06-17-2010 04:43;83;0
06-17-2010 04:44;0;0
06-17-2010 04:45;0;0
06-17-2010 04:46;0;0
06-17-2010 04:47;0;0
06-17-2010 04:48;0;0
06-17-2010 04:49;62;0
06-17-2010 04:50;0;0
06-17-2010 04:51;76;0
06-17-2010 04:52;0;0
06-17-2010 04:53;0;0
06-17-2010 04:54;0;0
06-17-2010 04:55;0;0
06-17-2010 04:56;0;0
06-17-2010 04:57;0;0
06-17-2010 04:58;0;0
06-17-2010 04:59;0;0
06-17-2010 05:00;0;0
06-17-2010 05:01;0;0
06-17-2010 05:02;0;0
06-17-2010 05:03;0;0
06-17-2010 05:04;0;0
06-17-2010 05:05;83;0
06-17-2010 05:06;0;0
06-17-2010 05:07;0;0
06-17-2010 05:08;0;0
06-17-2010 05:09;0;0
06-17-2010 05:10;28;0
06-17-2010 05:11;0;0
06-17-2010 05:12;0;0
06-17-2010 05:13;0;0
06-17-2010 05:14;0;0
06-17-2010 05:15;0;0
06-17-2010 05:16;0;0
06-17-2010 05:17;0;0
06-17-2010 05:18;0;0
06-17-2010 05:19;0;0
06-17-2010 05:20;0;0
06-17-2010 05:21;0;0
06-17-2010 05:22;0;0
06-17-2010 05:23;0;0
06-17-2010 05:24;0;0
06-17-2010 05:25;0;0
06-17-2010 05:26;0;0
06-17-2010 05:27;0;0
06-17-2010 05:28;0;0
06-17-2010 05:29;0;0
06-17-2010 05:30;0;0
06-17-2010 05:31;0;0
06-17-2010 05:32;0;0
06-17-2010 05:33;0;0
06-17-2010 05:34;0;0
06-17-2010 05:35;0;0
06-17-2010 05:36;0;0
06-17-2010 05:37;0;0
06-17-2010 05:38;0;0
06-17-2010 05:39;0;0
06-17-2010 05:40;0;0
06-17-2010 05:41;0;0
06-17-2010 05:42;0;0
06-17-2010 05:43;0;0
06-17-2010 05:44;0;0
06-17-2010 05:45;0;0
06-17-2010 05:46;0;0
06-17-2010 05:47;0;0
06-17-2010 05:48;0;0
06-17-2010 05:49;0;0
06-17-2010 05:50;0;0
06-17-2010 05:51;0;0
06-17-2010 05:52;0;0
06-17-2010 05:53;0;0
06-17-2010 05:54;0;0
06-17-2010 05:55;0;0
06-17-2010 05:56;0;0
06-17-2010 05:57;0;0
06-17-2010 05:58;0;0
06-17-2010 05:59;0;0
06-17-2010 06:00;0;0
06-17-2010 06:01;0;0
06-17-2010 06:02;0;0
06-17-2010 06:03;0;0
06-17-2010 06:04;0;0
06-17-2010 06:05;0;0
06-17-2010 06:06;0;0
06-17-2010 06:07;19;0
06-17-2010 06:08;0;0
06-17-2010 06:09;22;0
06-17-2010 06:10;0;0
06-17-2010 06:11;0;0
06-17-2010 06:12;0;0
06-17-2010 06:13;3;0
06-17-2010 06:14;0;0
06-17-2010 06:15;0;0
06-17-2010 06:16;83;0
06-17-2010 06:17;9;0
06-17-2010 06:18;0;0
06-17-2010 06:19;0;0
06-17-2010 06:20;9;0
06-17-2010 06:21;38;0
06-17-2010 06:22;0;0
06-17-2010 06:23;0;0
06-17-2010 06:24;55;0
06-17-2010 06:25;0;0
06-17-2010 06:26;0;0
06-17-2010 06:27;0;0
06-17-2010 06:28;0;0
06-17-2010 06:29;0;0
06-17-2010 06:30;22;0
06-17-2010 06:31;0;0
06-17-2010 06:32;0;0
06-17-2010 06:33;0;0
06-17-2010 06:34;14;0
06-17-2010 06:35;0;0
06-17-2010 06:36;0;0
06-17-2010 06:37;0;0
06-17-2010 06:38;19;0
06-17-2010 06:39;0;0
06-17-2010 06:40;0;0
06-17-2010 06:41;0;0
06-17-2010 06:42;0;0
06-17-2010 06:43;0;0
06-17-2010 06:44;0;0
06-17-2010 06:45;0;0
06-17-2010 06:46;0;0
06-17-2010 06:47;0;0
06-17-2010 06:48;80;0
06-17-2010 06:49;14;0
06-17-2010 06:50;0;0
06-17-2010 06:51;0;0
06-17-2010 06:52;0;0
06-17-2010 06:53;31;0
06-17-2010 06:54;249;0
06-17-2010 06:55;0;0
06-17-2010 06:56;294;0
06-17-2010 06:57;0;0
06-17-2010 06:58;0;0
06-17-2010 06:59;0;0
06-17-2010 07:00;104;0
06-17-2010 07:01;29;0
06-17-2010 07:02;0;0
06-17-2010 07:03;19;0
06-17-2010 07:04;104;0
06-17-2010 07:05;14;0
06-17-2010 07:06;0;0
06-17-2010 07:07;0;0
06-17-2010 07:08;0;0
06-17-2010 07:09;372;0
06-17-2010 07:10;688;0
06-17-2010 07:11;189;0
06-17-2010 07:12;451;0
06-17-2010 07:13;10;0
06-17-2010 07:14;10;0
06-17-2010 07:15;0;0
06-17-2010 07:16;19;0
06-17-2010 07:17;10;0
06-17-2010 07:18;21;0
06-17-2010 07:19;33;0
06-17-2010 07:20;189;0
06-17-2010 07:21;62;0
06-17-2010 07:22;12;0
06-17-2010 07:23;0;0
06-17-2010 07:24;0;0
06-17-2010 07:25;55;0
06-17-2010 07:26;100;0
06-17-2010 07:27;69;0
06-17-2010 07:28;0;0
06-17-2010 07:29;0;0
06-17-2010 07:30;0;0
06-17-2010 07:31;38;0
06-17-2010 07:32;17;0
06-17-2010 07:33;45;0
06-17-2010 07:34;137;0
06-17-2010 07:35;33;0
06-17-2010 07:36;0;0
06-17-2010 07:37;0;0
06-17-2010 07:38;54;0
06-17-2010 07:39;40;0
06-17-2010 07:40;55;0
06-17-2010 07:41;38;0
06-17-2010 07:42;24;0
06-17-2010 07:43;10;0
06-17-2010 07:44;498;0
06-17-2010 07:45;152;0
06-17-2010 07:46;438;0
06-17-2010 07:47;73;0
06-17-2010 07:48;240;0
06-17-2010 07:49;861;0
06-17-2010 07:50;533;0
06-17-2010 07:51;498;0
06-17-2010 07:52;93;0
06-17-2010 07:53;33;0
06-17-2010 07:54;38;0
06-17-2010 07:55;0;0
06-17-2010 07:56;35;0
06-17-2010 07:57;62;0
06-17-2010 07:58;152;0
06-17-2010 07:59;50;0
06-17-2010 08:00;275;0
06-17-2010 08:01;861;0
06-17-2010 08:02;889;0
06-17-2010 08:03;605;0
06-17-2010 08:04;304;0
06-17-2010 08:05;645;0
06-17-2010 08:06;360;0
06-17-2010 08:07;424;0
06-17-2010 08:08;266;0
06-17-2010 08:09;249;0
06-17-2010 08:10;438;0
06-17-2010 08:11;325;0
06-17-2010 08:12;336;0
06-17-2010 08:13;24;0
06-17-2010 08:14;121;0
06-17-2010 08:15;202;0
06-17-2010 08:16;232;0
06-17-2010 08:17;152;0
06-17-2010 08:18;28;0
06-17-2010 08:19;142;0
06-17-2010 08:20;137;0
06-17-2010 08:21;121;0
06-17-2010 08:22;107;0
06-17-2010 08:23;19;0
06-17-2010 08:24;76;0
06-17-2010 08:25;52;0
06-17-2010 08:26;121;0
06-17-2010 08:27;29;0
06-17-2010 08:28;62;0
06-17-2010 08:29;116;0
06-17-2010 08:30;189;0
06-17-2010 08:31;202;0
06-17-2010 08:32;116;0
06-17-2010 08:33;62;0
06-17-2010 08:34;97;0
06-17-2010 08:35;54;0
06-17-2010 08:36;59;0
06-17-2010 08:37;152;0
06-17-2010 08:38;182;0
06-17-2010 08:39;52;0
06-17-2010 08:40;86;0
06-17-2010 08:41;76;0
06-17-2010 08:42;50;0
06-17-2010 08:43;0;0
06-17-2010 08:44;97;0
06-17-2010 08:45;31;0
06-17-2010 08:46;9;0
06-17-2010 08:47;0;0
06-17-2010 08:48;0;0
06-17-2010 08:49;90;0
06-17-2010 08:50;97;0
06-17-2010 08:51;202;0
06-17-2010 08:52;40;0
06-17-2010 08:53;0;0
06-17-2010 08:54;28;0
06-17-2010 08:55;189;0
06-17-2010 08:56;451;0
06-17-2010 08:57;348;0
06-17-2010 08:58;195;0
06-17-2010 08:59;36;0
06-17-2010 09:00;50;0
06-17-2010 09:01;157;0
06-17-2010 09:02;52;0
06-17-2010 09:03;86;0
06-17-2010 09:04;0;0
06-17-2010 09:05;0;0
06-17-2010 09:06;240;0
06-17-2010 09:07;80;0
06-17-2010 09:08;0;0
06-17-2010 09:09;22;0
06-17-2010 09:10;0;0
06-17-2010 09:11;38;0
06-17-2010 09:12;0;0
06-17-2010 09:13;55;0
06-17-2010 09:14;40;0
06-17-2010 09:15;0;0
06-17-2010 09:16;42;0
06-17-2010 09:17;14;0
06-17-2010 09:18;0;0
06-17-2010 09:19;0;0
06-17-2010 09:20;175;0
06-17-2010 09:21;157;0
06-17-2010 09:22;438;0
06-17-2010 09:23;424;0
06-17-2010 09:24;645;0
06-17-2010 09:25;567;0
06-17-2010 09:26;782;0
06-17-2010 09:27;834;0
06-17-2010 09:28;605;0
06-17-2010 09:29;336;0
06-17-2010 09:30;533;0
06-17-2010 09:31;294;0
06-17-2010 09:32;232;0
06-17-2010 09:33;168;0
06-17-2010 09:34;266;0
06-17-2010 09:35;438;0
06-17-2010 09:36;451;0
06-17-2010 09:37;121;0
06-17-2010 09:38;175;0
06-17-2010 09:39;232;0
06-17-2010 09:40;624;0
06-17-2010 09:41;688;0
06-17-2010 09:42;586;0
06-17-2010 09:43;182;0
06-17-2010 09:44;0;0
06-17-2010 09:45;223;0
06-17-2010 09:46;275;0
06-17-2010 09:47;666;0
06-17-2010 09:48;782;0
06-17-2010 09:49;1110;1
06-17-2010 09:50;1076;0
06-17-2010 09:51;834;0
06-17-2010 09:52;758;0
06-17-2010 09:53;948;0
06-17-2010 09:54;711;0
06-17-2010 09:55;782;0
06-17-2010 09:56;758;0
06-17-2010 09:57;336;0
06-17-2010 09:58;384;0
06-17-2010 09:59;424;0
06-17-2010 10:00;121;0
06-17-2010 10:01;147;0
06-17-2010 10:02;294;0
06-17-2010 10:03;325;0
06-17-2010 10:04;147;0
06-17-2010 10:05;209;0
06-17-2010 10:06;209;0
06-17-2010 10:07;163;0
06-17-2010 10:08;189;0
06-17-2010 10:09;258;0
06-17-2010 10:10;137;0
06-17-2010 10:11;889;0
06-17-2010 10:12;758;0
06-17-2010 10:13;360;0
06-17-2010 10:14;605;0
06-17-2010 10:15;586;0
06-17-2010 10:16;918;0
06-17-2010 10:17;567;0
06-17-2010 10:18;688;0
06-17-2010 10:19;1183;1
06-17-2010 10:20;498;0
06-17-2010 10:21;533;0
06-17-2010 10:22;586;0
06-17-2010 10:23;410;0
06-17-2010 10:24;86;0
06-17-2010 10:25;266;0
06-17-2010 10:26;31;0
06-17-2010 10:27;384;0
06-17-2010 10:28;0;0
06-17-2010 10:29;152;0
06-17-2010 10:30;22;0
06-17-2010 10:31;294;0
06-17-2010 10:32;396;0
06-17-2010 10:33;202;0
06-17-2010 10:34;175;0
06-17-2010 10:35;294;0
06-17-2010 10:36;195;0
06-17-2010 10:37;372;0
06-17-2010 10:38;348;0
06-17-2010 10:39;782;0
06-17-2010 10:40;66;0
06-17-2010 10:41;515;0
06-17-2010 10:42;666;0
06-17-2010 10:43;45;0
06-17-2010 10:44;9;0
06-17-2010 10:45;131;0
06-17-2010 10:46;315;0
06-17-2010 10:47;240;0
06-17-2010 10:48;325;0
06-17-2010 10:49;223;0
06-17-2010 10:50;294;0
06-17-2010 10:51;142;0
06-17-2010 10:52;76;0
06-17-2010 10:53;0;0
06-17-2010 10:54;104;0
06-17-2010 10:55;69;0
06-17-2010 10:56;889;0
06-17-2010 10:57;498;0
06-17-2010 10:58;605;0
06-17-2010 10:59;808;0
06-17-2010 11:00;1010;0
06-17-2010 11:01;372;0
06-17-2010 11:02;586;0
06-17-2010 11:03;586;0
06-17-2010 11:04;586;0
06-17-2010 11:05;834;0
06-17-2010 11:06;550;0
06-17-2010 11:07;131;0
06-17-2010 11:08;315;0
06-17-2010 11:09;410;0
06-17-2010 11:10;0;0
06-17-2010 11:11;59;0
06-17-2010 11:12;147;0
06-17-2010 11:13;384;0
06-17-2010 11:14;240;0
06-17-2010 11:15;258;0
06-17-2010 11:16;384;0
06-17-2010 11:17;223;0
06-17-2010 11:18;266;0
06-17-2010 11:19;396;0
06-17-2010 11:20;315;0
06-17-2010 11:21;223;0
06-17-2010 11:22;249;0
06-17-2010 11:23;410;0
06-17-2010 11:24;55;0
06-17-2010 11:25;33;0
06-17-2010 11:26;175;0
06-17-2010 11:27;24;0
06-17-2010 11:28;86;0
06-17-2010 11:29;24;0
06-17-2010 11:30;48;0
06-17-2010 11:31;100;0
06-17-2010 11:32;451;0
06-17-2010 11:33;304;0
06-17-2010 11:34;284;0
06-17-2010 11:35;294;0
06-17-2010 11:36;163;0
06-17-2010 11:37;275;0
06-17-2010 11:38;223;0
06-17-2010 11:39;438;0
06-17-2010 11:40;157;0
06-17-2010 11:41;232;0
06-17-2010 11:42;152;0
06-17-2010 11:43;38;0
06-17-2010 11:44;131;0
06-17-2010 11:45;152;0
06-17-2010 11:46;121;0
06-17-2010 11:47;360;0
06-17-2010 11:48;304;0
06-17-2010 11:49;223;0
06-17-2010 11:50;116;0
06-17-2010 11:51;35;0
06-17-2010 11:52;0;0
06-17-2010 11:53;384;0
06-17-2010 11:54;396;0
06-17-2010 11:55;424;0
06-17-2010 11:56;348;0
06-17-2010 11:57;348;0
06-17-2010 11:58;137;0
06-17-2010 11:59;182;0
06-17-2010 12:00;438;0
06-17-2010 12:01;483;0
06-17-2010 12:02;336;0
06-17-2010 12:03;336;0
06-17-2010 12:04;861;0
06-17-2010 12:05;515;0
06-17-2010 12:06;645;0
06-17-2010 12:07;758;0
06-17-2010 12:08;396;0
06-17-2010 12:09;483;0
06-17-2010 12:10;889;0
06-17-2010 12:11;782;0
06-17-2010 12:12;889;0
06-17-2010 12:13;1010;0
06-17-2010 12:14;733;0
06-17-2010 12:15;1183;1
06-17-2010 12:16;733;0
06-17-2010 12:17;1221;1
06-17-2010 12:18;1076;0
06-17-2010 12:19;451;0
06-17-2010 12:20;1010;0
06-17-2010 12:21;1076;0
06-17-2010 12:22;1221;1
06-17-2010 12:23;1430;1
06-17-2010 12:24;1010;0
06-17-2010 12:25;624;0
06-17-2010 12:26;451;0
06-17-2010 12:27;348;0
06-17-2010 12:28;1898;1
06-17-2010 12:29;1522;1
06-17-2010 12:30;438;0
06-17-2010 12:31;586;0
06-17-2010 12:32;451;0
06-17-2010 12:33;605;0
06-17-2010 12:34;372;0
06-17-2010 12:35;758;0
06-17-2010 12:36;782;0
06-17-2010 12:37;605;0
06-17-2010 12:38;808;0
06-17-2010 12:39;889;0
06-17-2010 12:40;515;0
06-17-2010 12:41;533;0
06-17-2010 12:42;586;0
06-17-2010 12:43;533;0
06-17-2010 12:44;107;0
06-17-2010 12:45;80;0
06-17-2010 12:46;533;0
06-17-2010 12:47;733;0
06-17-2010 12:48;782;0
06-17-2010 12:49;410;0
06-17-2010 12:50;3;0
06-17-2010 12:51;86;0
06-17-2010 12:52;157;0
06-17-2010 12:53;73;0
06-17-2010 12:54;202;0
06-17-2010 12:55;266;0
06-17-2010 12:56;12;0
06-17-2010 12:57;5;0
06-17-2010 12:58;0;0
06-17-2010 12:59;0;0
06-17-2010 13:00;137;0
06-17-2010 13:01;24;0
06-17-2010 13:02;107;0
06-17-2010 13:03;336;0
06-17-2010 13:04;0;0
06-17-2010 13:05;0;0
06-17-2010 13:06;22;0
06-17-2010 13:07;223;0
06-17-2010 13:08;147;0
06-17-2010 13:09;17;0
06-17-2010 13:10;0;0
06-17-2010 13:11;688;0
06-17-2010 13:12;384;0
06-17-2010 13:13;624;0
06-17-2010 13:14;483;0
06-17-2010 13:15;80;0
06-17-2010 13:16;0;0
06-17-2010 13:17;0;0
06-17-2010 13:18;111;0
06-17-2010 13:19;1183;1
06-17-2010 13:20;567;0
06-17-2010 13:21;1043;0
06-17-2010 13:22;1110;1
06-17-2010 13:23;396;0
06-17-2010 13:24;17;0
06-17-2010 13:25;126;0
06-17-2010 13:26;22;0
06-17-2010 13:27;76;0
06-17-2010 13:28;758;0
06-17-2010 13:29;1043;0
06-17-2010 13:30;808;0
06-17-2010 13:31;918;0
06-17-2010 13:32;1183;1
06-17-2010 13:33;195;0
06-17-2010 13:34;182;0
06-17-2010 13:35;360;0
06-17-2010 13:36;533;0
06-17-2010 13:37;424;0
06-17-2010 13:38;688;0
06-17-2010 13:39;1342;1
06-17-2010 13:40;861;0
06-17-2010 13:41;733;0
06-17-2010 13:42;1147;1
06-17-2010 13:43;918;0
06-17-2010 13:44;605;0
06-17-2010 13:45;483;0
06-17-2010 13:46;758;0
06-17-2010 13:47;258;0
06-17-2010 13:48;424;0
06-17-2010 13:49;396;0
06-17-2010 13:50;424;0
06-17-2010 13:51;1110;1
06-17-2010 13:52;758;0
06-17-2010 13:53;918;0
06-17-2010 13:54;451;0
06-17-2010 13:55;175;0
06-17-2010 13:56;0;0
